0
84.18368 87.53248 80.2424 81.62056 74.35624 88.88488 71.17488 84.18368 
95.940492 92.516346 93.267726 89.865048 88.523298 92.913504 90.959916 97.743804 
99.7408487204 97.4455088158 95.9553889583 95.4278309963 95.2288398353 99.4585589338 95.6175667546 98.9680225832 
74.2326 90.04924 74.83432 80.99888 75.07992 90.79832 72.28008 79.75333714285715 
92.8812 96.40428 90.63924 88.02362 92.923904 98.357988 88.461336 92.52736685714288 
95.8213922529 98.0401220301 95.183507442 94.8368309143 98.5624479985 98.5994268281 97.0925395211 96.87660956959283 
1
75.0904 106.27288 83.4624 87.10744 71.40672 75.88896 81.5304 69.86112 
91.807902 100.878132 91.142394 93.697086 85.088418 93.418002 93.632682 87.932928 
98.2275903559 98.7366375121 97.1539636263 97.8620019436 94.2431394326 98.0008329863 98.2784950715 96.6032671572 
79.36564 87.81428 81.61288 96.01732 81.64972 91.75616 60.00008 82.60229714285714 
91.130336 87.681988 100.792116 95.966564 96.382928 93.564464 77.02734 91.792248 
98.026254969 94.0602754923 100.0 98.2804844227 97.0000924471 95.8445040214 92.1188869372 96.47578546996131 
2
81.49176 95.26048 71.31656 83.11464 77.42168 83.4624 94.83544 70.46648 
96.39132 99.07482 84.294102 91.732764 93.074514 100.137486 100.856664 90.294408 
98.5839233653 100.0 94.2477671341 96.5014577259 97.7833310195 99.4816974409 98.9819056874 98.0933870147 
87.60552 90.70008 88.3546 88.88264 90.63868 84.37588 74.40452 86.42313142857142 
100.24764 94.023532 98.293932 93.78866 98.496776 89.721104 89.806512 94.91116514285714 
99.1541092724 96.8475547749 100.0 95.4053804197 98.0724785061 95.7474345937 95.3776462975 97.22922912346966 
3
90.16 86.1028 81.23416 84.09352 62.468 84.00336 87.85448 72.45 
94.813422 98.892342 89.650368 97.872612 73.248816 98.666928 98.64546 92.086986 
98.1998241473 99.4816974409 97.371465593 99.4539312324 89.670970429 100.0 98.6625942894 99.2132907585 
90.47904 89.18964 94.1262 101.38368 88.723 92.45612 69.60304 89.42296 
96.13738 88.781616 101.646196 99.938036 91.941712 101.240508 91.92036 95.94368685714286 
99.1910881021 93.1866506425 100.0 98.3867985578 96.2605158547 99.2049551632 96.0432652307 97.46761050727031 
4
72.48864 88.12496 86.3604 86.11568 51.52 83.79728 89.72208 80.3068 
88.995594 99.171426 93.310662 93.997638 64.404 98.935278 98.291238 97.41105 
97.4408811144 99.7315933176 98.1581748346 99.1762691471 84.390763108 99.4446758295 97.9221620621 99.4307927253 
89.37384 77.52364 87.81428 98.6698 85.75124 83.98292 85.06356 86.88275428571427 
96.649828 87.575228 99.318828 99.970064 96.6178 101.229832 97.20498 96.93808 
98.0863455672 94.0371637238 99.7319034853 98.66413978 98.1926597023 98.4052879726 98.1926597023 97.90145141906258 
