cwh
0
9.04404804100725
0.09958145765600213
0.0
1
13.252057101174893
0.0058048142807719015
0.034828885684631404
2
14.957464057538797
0.005699272202939685
0.011609628561543803
3
16.48455519564378
0.03533548765822605
0.0
4
15.965078220557722
0.02920217204706083
0.005312880867147164
gyz
0
19.903580102308755
0.02915396934580685
0.01832535216022145
1
22.087114186691228
0.05476006596310592
0.027496488698393218
2
23.552856980540042
0.01753991493204626
0.005597499485030048
3
23.089743031035987
0.023055898102714106
0.011582080290380818
4
22.313393790970505
0.01720712804657385
0.011743773429376766
ljs
0
11.842946189637436
0.031959916414526404
0.015167417959436259
1
14.952811276033426
0.0
0.005699272202939685
2
15.792952775587988
0.0
0.0058048142807719015
3
17.684547820574103
0.0
0.011304112020450544
4
17.32885063331399
0.0
0.04416769116757093
lmm
0
8.71234450710084
0.06979572019357017
0.0
1
8.78710723434058
0.1742009419704528
0.010147627687599194
2
9.802140687696383
0.044970627117669616
0.004397305331292983
3
11.84278831943445
0.07993650112401249
0.0
4
12.28584888587696
0.07298675071673948
0.004471835930128457
lq
0
10.034196110845853
0.05872448693149824
0.01392175336738105
1
12.18404204463335
0.05764094376670048
0.029519149989613275
2
14.076153551014578
0.020494228467112095
0.004628742453992614
3
13.4850501871246
0.023311874711333492
0.0
4
14.283110947454533
0.04401545741448521
0.0051733003897564515
lry
0
10.463968137214023
0.05776771199550662
0.0
1
13.498971623196194
0.028801757291218196
0.014134195707727447
2
14.302354378659569
0.034602192003155556
0.025125735025048345
3
16.577063119856593
0.03384592588328538
0.01963576594476741
4
15.78390370272414
0.019102579653474065
0.004797060361410527
lsm
0
7.7625198797130945
0.12305736249788596
0.07146971947066975
1
9.262625587717894
0.09313547856704198
0.005914339078522314
2
13.16936360093548
0.02974552689304116
0.01720712804657385
3
13.141165115763632
0.023125892977312955
0.005699272202939685
4
13.828050236100905
0.052610460119406406
0.011511838563552363
lw
0
6.098842773141475
0.1316853053180336
0.016250804956538845
1
9.5361604215069
0.03692882644404201
0.01552357378369562
2
11.883335470299295
0.03572872011721307
0.0
3
12.906377729818967
0.05893697866638583
0.0
4
13.480729288722015
0.039690345301628814
0.02458509577738688
lzp
0
14.808504127539827
0.05581195228179556
0.020295255375198388
1
16.681639594191765
0.024700069125054146
0.008794610662585967
2
17.87150046730279
0.009771789625095518
0.033420622599363334
3
19.568622744783664
0.004325218358648836
0.018244557440118724
4
20.621830502724745
0.004548936549613431
0.018691993822047916
syt
0
10.981255357716108
0.018320624257187338
0.012056152736987796
1
9.159393005775042
0.07451270694954477
0.01139854440587937
2
11.774704692902413
0.03573506709950304
0.02378397887438442
3
12.886595162819468
0.03396627845489132
0.011511838563552363
4
15.970062303813066
0.022271333418319692
0.005499297739678643
xcy
0
11.549780065005828
0.0661951027634613
0.0
1
10.561450556033327
0.08094423274920902
0.0192071060760835
2
13.733975933451886
0.07587010730566443
0.023683642265549358
3
16.082403434737287
0.09301002288961878
0.02881675660811765
4
17.01822893311565
0.043591076183587
0.01152737410817254
xjj
0
9.969492388594636
0.14240868882880106
0.01570466189747494
1
11.952685465366297
0.11234873511270536
0.04530190931963925
2
16.196978830355064
0.022593051529746704
0.013343547212199396
3
15.971578794367593
0.1137707984960609
0.01853270446138805
4
18.379404758273445
0.08383889928449233
0.02019952303852292
xt
0
13.668778203452304
0.015143661140923428
0.0
1
13.089828603060472
0.047217370614006944
0.004548936549613431
2
16.465736992644946
0.023556992846212408
0.004711398569242482
3
18.030378416792278
0.0
0.005073813843799597
4
21.267786518033354
0.004885894812547759
0.009645136319884909
zwx
0
8.704874579075053
0.08054011869947149
0.014391181084231581
1
9.694024689555087
0.04713836507187226
0.009514637266540373
2
9.75295363193192
0.06087008425711117
0.0
3
10.242088757254464
0.033817644057079294
0.0
4
11.521953465278955
0.018229442024747154
0.008946241880906416
zzy
0
12.573148038249736
0.022786036716700007
0.01838873138540702
1
15.114275149763138
0.029840627343978302
0.004548936549613431
2
14.466907893429221
0.03565663661072088
0.024429474062738796
3
15.396323063124909
0.004711398569242482
0.008966855341461499
4
17.522602473549245
0.009682955173958285
0.004797060361410527
