1141884 0.068603515625 1.00219726562 0.155029296875 5.25190839695 -0.824427480916 -0.503816793893
1142888 0.06689453125 1.00512695312 0.151123046875 5.09923664122 -1.06870229008 -0.534351145038
1143896 0.06787109375 1.00317382812 0.144775390625 5.28244274809 -0.961832061069 -0.473282442748
1144900 0.069580078125 1.00048828125 0.145263671875 5.43511450382 -0.961832061069 -0.595419847328
1145908 0.0712890625 1.0009765625 0.14794921875 5.41984732824 -1.00763358779 -0.641221374046
1146924 0.0712890625 1.0029296875 0.1474609375 5.41984732824 -0.961832061069 -0.351145038168
1147928 0.070556640625 1.001953125 0.14892578125 5.51145038168 -0.717557251908 -0.30534351145
1148940 0.06982421875 1.00024414062 0.14794921875 5.70992366412 -0.702290076336 -0.320610687023
1149944 0.071533203125 1.00146484375 0.15185546875 5.69465648855 -0.992366412214 -0.580152671756
1150952 0.072509765625 1.00073242188 0.14599609375 5.51145038168 -0.992366412214 -0.717557251908
1151968 0.070556640625 1.00048828125 0.138916015625 5.31297709924 -0.900763358779 -0.519083969466
1152972 0.06640625 0.999755859375 0.14404296875 5.37404580153 -1.00763358779 -0.396946564885
1153976 0.0654296875 0.9990234375 0.148681640625 5.72519083969 -0.992366412214 -0.30534351145
1154988 0.07080078125 0.995849609375 0.15234375 5.48091603053 -0.793893129771 -0.320610687023
1155992 0.0693359375 0.99560546875 0.1494140625 5.26717557252 -0.717557251908 -0.458015267176
1157000 0.068115234375 1.00170898438 0.1494140625 5.16030534351 -0.702290076336 -0.580152671756
1158012 0.073974609375 1.001953125 0.15185546875 5.43511450382 -0.854961832061 -0.534351145038
1159016 0.07373046875 0.9990234375 0.15087890625 5.57251908397 -0.961832061069 -0.458015267176
1160020 0.07080078125 0.999755859375 0.150634765625 5.48091603053 -0.748091603053 -0.458015267176
1161032 0.0693359375 1.00048828125 0.15087890625 5.45038167939 -0.824427480916 -0.473282442748
1162040 0.0712890625 1.0009765625 0.151611328125 5.46564885496 -0.900763358779 -0.396946564885
1163048 0.07275390625 1.00341796875 0.14990234375 5.23664122137 -0.961832061069 -0.167938931298
1164052 0.07275390625 1.00268554688 0.1484375 5.29770992366 -0.793893129771 -0.36641221374
1165064 0.072021484375 1.00244140625 0.14794921875 5.28244274809 -0.564885496183 -0.519083969466
1166072 0.071044921875 1.00512695312 0.148193359375 5.49618320611 -0.641221374046 -0.335877862595
1167076 0.07275390625 1.00268554688 0.147705078125 5.57251908397 -0.809160305344 -0.229007633588
1168080 0.07421875 1.00170898438 0.147216796875 5.41984732824 -1.02290076336 -0.106870229008
1169084 0.070068359375 1.001953125 0.15234375 5.45038167939 -0.870229007634 -0.351145038168
1170088 0.07080078125 1.0 0.152587890625 5.58778625954 -0.702290076336 -0.717557251908
1171096 0.07275390625 0.99951171875 0.150146484375 5.72519083969 -0.809160305344 -0.671755725191
1172112 0.069091796875 1.00048828125 0.153076171875 5.63358778626 -0.839694656489 -0.442748091603
1173116 0.07080078125 1.0029296875 0.147216796875 5.46564885496 -0.824427480916 -0.351145038168
1174120 0.0703125 1.00268554688 0.1455078125 5.40458015267 -0.702290076336 -0.351145038168
1175124 0.0703125 1.001953125 0.14794921875 5.48091603053 -0.717557251908 -0.503816793893
1176132 0.0732421875 1.00073242188 0.14453125 5.60305343511 -0.778625954198 -0.396946564885
1177144 0.07275390625 1.00048828125 0.147705078125 5.74045801527 -0.671755725191 -0.396946564885
1178152 0.070068359375 1.00170898438 0.148681640625 5.52671755725 -0.641221374046 -0.473282442748
1179160 0.06591796875 1.00146484375 0.1455078125 5.32824427481 -0.610687022901 -0.488549618321
1180176 0.06689453125 0.999755859375 0.14599609375 5.41984732824 -0.458015267176 -0.473282442748
1181180 0.069091796875 1.0 0.150146484375 5.43511450382 -0.381679389313 -0.458015267176
1182188 0.068359375 1.00341796875 0.146728515625 5.37404580153 -0.595419847328 -0.320610687023
1183192 0.0732421875 1.00390625 0.142822265625 5.43511450382 -0.702290076336 -0.30534351145
1184196 0.07470703125 1.001953125 0.1474609375 5.40458015267 -0.580152671756 -0.351145038168
1185212 0.069091796875 1.00024414062 0.14892578125 5.34351145038 -0.610687022901 -0.290076335878
1186216 0.06884765625 1.00073242188 0.152099609375 5.45038167939 -0.824427480916 -0.473282442748
1187224 0.069091796875 1.00439453125 0.151123046875 5.40458015267 -0.839694656489 -0.473282442748
1188240 0.0673828125 1.00390625 0.14599609375 5.43511450382 -0.809160305344 -0.442748091603
1189244 0.06982421875 0.999755859375 0.145751953125 5.40458015267 -0.824427480916 -0.503816793893
1190248 0.07080078125 1.00170898438 0.14599609375 5.32824427481 -0.687022900763 -0.595419847328
1191260 0.072998046875 1.00268554688 0.148681640625 5.43511450382 -0.641221374046 -0.625954198473
1192268 0.0732421875 1.0 0.1533203125 5.2213740458 -0.702290076336 -0.656488549618
1193272 0.0693359375 1.00024414062 0.153564453125 5.37404580153 -0.580152671756 -0.488549618321
1194280 0.0712890625 1.00024414062 0.14501953125 5.54198473282 -0.625954198473 -0.381679389313
1195288 0.07421875 0.998046875 0.140869140625 5.45038167939 -0.656488549618 -0.564885496183
1196300 0.070556640625 1.00122070312 0.147705078125 5.61832061069 -0.656488549618 -0.671755725191
1197308 0.073486328125 1.0048828125 0.151123046875 5.48091603053 -0.763358778626 -0.595419847328
1198316 0.073974609375 1.001953125 0.153076171875 5.31297709924 -0.854961832061 -0.503816793893
1199328 0.0693359375 1.00146484375 0.153076171875 5.34351145038 -0.717557251908 -0.412213740458
1200336 0.06982421875 1.00537109375 0.150390625 5.46564885496 -0.549618320611 -0.335877862595
1201340 0.06982421875 1.0078125 0.151611328125 5.48091603053 -0.595419847328 -0.488549618321
1202352 0.0703125 1.005859375 0.1484375 5.51145038168 -0.671755725191 -0.549618320611
1203356 0.072509765625 1.00415039062 0.1455078125 5.54198473282 -0.687022900763 -0.488549618321
1204364 0.073486328125 1.00317382812 0.146728515625 5.46564885496 -0.732824427481 -0.427480916031
1205380 0.0712890625 1.001953125 0.146728515625 5.26717557252 -0.793893129771 -0.549618320611
1206384 0.06884765625 1.00048828125 0.149169921875 5.40458015267 -0.625954198473 -0.458015267176
1207392 0.07080078125 1.0 0.153076171875 5.43511450382 -0.488549618321 -0.458015267176
1208400 0.072021484375 1.00146484375 0.151123046875 5.3893129771 -0.778625954198 -0.534351145038
1209416 0.069091796875 1.001953125 0.146240234375 5.45038167939 -0.839694656489 -0.564885496183
1210420 0.06787109375 1.00390625 0.14990234375 5.5572519084 -0.946564885496 -0.641221374046
1211428 0.0693359375 1.00415039062 0.153076171875 5.54198473282 -0.916030534351 -0.580152671756
1212432 0.071533203125 0.999755859375 0.15234375 5.35877862595 -0.702290076336 -0.580152671756
1213452 0.071533203125 0.9990234375 0.1474609375 5.40458015267 -0.610687022901 -0.580152671756
1214472 0.073974609375 1.00122070312 0.146240234375 5.51145038168 -0.748091603053 -0.519083969466
1215476 0.070556640625 1.00219726562 0.147216796875 5.6641221374 -0.961832061069 -0.519083969466
1216480 0.070068359375 1.0048828125 0.154052734375 5.40458015267 -0.916030534351 -0.503816793893
1217492 0.071044921875 1.00415039062 0.148681640625 5.20610687023 -0.854961832061 -0.519083969466
1218500 0.0712890625 1.001953125 0.143798828125 5.52671755725 -0.809160305344 -0.351145038168
1219504 0.06884765625 1.00146484375 0.146240234375 5.8320610687 -0.641221374046 -0.351145038168
1220512 0.070556640625 1.00219726562 0.145263671875 5.52671755725 -0.442748091603 -0.625954198473
1221516 0.07080078125 1.00073242188 0.14794921875 5.31297709924 -0.503816793893 -0.732824427481
1222528 0.068359375 1.00073242188 0.146240234375 5.29770992366 -0.656488549618 -0.656488549618
1223536 0.07470703125 1.00122070312 0.144775390625 5.43511450382 -0.854961832061 -0.488549618321
1224540 0.07666015625 1.00048828125 0.147216796875 5.51145038168 -0.671755725191 -0.427480916031
1225544 0.07470703125 1.001953125 0.1494140625 5.52671755725 -0.687022900763 -0.488549618321
1226548 0.0751953125 1.0029296875 0.1533203125 5.34351145038 -0.732824427481 -0.625954198473
1227560 0.073974609375 1.00341796875 0.154296875 5.23664122137 -0.824427480916 -0.503816793893
1228568 0.070068359375 1.00219726562 0.153076171875 5.43511450382 -0.900763358779 -0.24427480916
1229572 0.069091796875 1.00073242188 0.147705078125 5.67938931298 -0.992366412214 -0.259541984733
1230584 0.072021484375 1.00122070312 0.146728515625 5.60305343511 -1.06870229008 -0.519083969466
1231588 0.073486328125 1.0 0.15283203125 5.14503816794 -1.02290076336 -0.549618320611
1232596 0.072998046875 1.00366210938 0.148681640625 5.0534351145 -0.870229007634 -0.335877862595
1233600 0.06982421875 1.00634765625 0.147216796875 5.43511450382 -0.824427480916 -0.30534351145
1234604 0.06787109375 1.0029296875 0.151611328125 5.69465648855 -0.870229007634 -0.503816793893
1235608 0.0673828125 1.00317382812 0.14892578125 5.80152671756 -0.641221374046 -0.519083969466
1236616 0.071044921875 1.00219726562 0.146240234375 5.49618320611 -0.671755725191 -0.610687022901
1237628 0.07080078125 1.00146484375 0.148193359375 5.32824427481 -0.671755725191 -0.488549618321
1238636 0.068603515625 1.00146484375 0.152099609375 5.31297709924 -0.534351145038 -0.320610687023
1239640 0.07080078125 1.00463867188 0.1484375 5.45038167939 -0.671755725191 -0.351145038168
1240644 0.069091796875 1.00512695312 0.144775390625 5.54198473282 -0.900763358779 -0.442748091603
1241652 0.06884765625 1.00170898438 0.147705078125 5.57251908397 -0.900763358779 -0.488549618321
1242664 0.0712890625 0.99951171875 0.1513671875 5.32824427481 -0.549618320611 -0.519083969466
1243672 0.07080078125 0.998291015625 0.146728515625 5.45038167939 -0.534351145038 -0.427480916031
1244676 0.07275390625 1.00073242188 0.14501953125 5.40458015267 -0.610687022901 -0.412213740458
1245688 0.07080078125 0.99853515625 0.14599609375 5.34351145038 -0.824427480916 -0.335877862595
1246696 0.0693359375 0.9990234375 0.14599609375 5.45038167939 -0.809160305344 -0.473282442748
1247700 0.075439453125 1.00244140625 0.14990234375 5.5572519084 -0.839694656489 -0.442748091603
1248716 0.076904296875 1.00317382812 0.146728515625 5.69465648855 -0.793893129771 -0.503816793893
1249724 0.075439453125 1.001953125 0.145263671875 5.57251908397 -0.580152671756 -0.564885496183
1250728 0.07568359375 0.99951171875 0.148681640625 5.26717557252 -0.442748091603 -0.580152671756
1251732 0.07275390625 0.99658203125 0.15087890625 5.37404580153 -0.717557251908 -0.503816793893
1252736 0.0712890625 0.996826171875 0.14794921875 5.40458015267 -0.763358778626 -0.519083969466
1253748 0.075927734375 0.998779296875 0.1484375 5.54198473282 -0.702290076336 -0.320610687023
1254752 0.07666015625 1.00244140625 0.15234375 5.54198473282 -0.854961832061 -0.412213740458
1255756 0.075439453125 1.00463867188 0.156005859375 5.34351145038 -0.824427480916 -0.458015267176
1256768 0.074462890625 1.0009765625 0.155029296875 5.48091603053 -0.916030534351 -0.641221374046
1257776 0.072265625 1.0009765625 0.14501953125 5.5572519084 -0.854961832061 -0.610687022901
1258780 0.07177734375 1.0029296875 0.1435546875 5.34351145038 -0.809160305344 -0.625954198473
1259788 0.072265625 1.00244140625 0.145263671875 5.32824427481 -0.458015267176 -0.625954198473
1260796 0.070556640625 0.998046875 0.143798828125 5.34351145038 -0.458015267176 -0.687022900763
1261800 0.069091796875 0.99853515625 0.143798828125 5.40458015267 -0.717557251908 -0.488549618321
1262808 0.069580078125 1.00146484375 0.1484375 5.5572519084 -0.671755725191 -0.473282442748
1263812 0.072021484375 1.00317382812 0.154052734375 5.51145038168 -0.671755725191 -0.427480916031
1264824 0.07373046875 1.00341796875 0.15234375 5.45038167939 -0.641221374046 -0.473282442748
1265832 0.0712890625 1.001953125 0.149658203125 5.45038167939 -0.854961832061 -0.458015267176
1266836 0.06884765625 1.00317382812 0.149658203125 5.60305343511 -0.824427480916 -0.351145038168
1267848 0.068603515625 1.00244140625 0.147705078125 5.43511450382 -0.564885496183 -0.488549618321
1268852 0.06884765625 1.00268554688 0.152587890625 5.64885496183 -0.748091603053 -0.534351145038
1269856 0.0693359375 1.001953125 0.1552734375 5.69465648855 -0.885496183206 -0.442748091603
1270872 0.0703125 1.0009765625 0.151123046875 5.37404580153 -0.870229007634 -0.580152671756
1271876 0.072021484375 1.00415039062 0.151611328125 5.31297709924 -0.793893129771 -0.534351145038
1272884 0.07275390625 1.00463867188 0.151123046875 5.19083969466 -0.717557251908 -0.442748091603
1273900 0.07470703125 1.00122070312 0.152587890625 5.46564885496 -0.824427480916 -0.549618320611
1274904 0.072998046875 1.00122070312 0.15380859375 5.67938931298 -0.824427480916 -0.442748091603
1275916 0.07080078125 1.00366210938 0.153564453125 5.51145038168 -0.717557251908 -0.30534351145
1276924 0.073974609375 1.00366210938 0.153076171875 5.16030534351 -0.549618320611 -0.137404580153
1277932 0.071044921875 1.00268554688 0.152587890625 5.40458015267 -0.854961832061 -0.229007633588
1278944 0.069091796875 0.997802734375 0.150390625 5.60305343511 -0.900763358779 -0.335877862595
1279952 0.071533203125 0.997802734375 0.144775390625 5.57251908397 -0.854961832061 -0.534351145038
1280956 0.06884765625 1.00268554688 0.1416015625 5.29770992366 -0.778625954198 -0.610687022901
1281960 0.06591796875 1.001953125 0.146728515625 5.17557251908 -0.778625954198 -0.549618320611
1282964 0.068115234375 0.9990234375 0.147216796875 5.32824427481 -0.580152671756 -0.519083969466
1283972 0.07275390625 0.996337890625 0.14599609375 5.6641221374 -0.702290076336 -0.549618320611
1284988 0.072998046875 0.99951171875 0.148193359375 5.52671755725 -0.778625954198 -0.641221374046
1285992 0.073486328125 1.00317382812 0.14892578125 5.41984732824 -0.748091603053 -0.519083969466
1286996 0.073974609375 1.005859375 0.14990234375 5.32824427481 -0.748091603053 -0.442748091603
1288012 0.0703125 1.00512695312 0.145263671875 5.54198473282 -0.870229007634 -0.24427480916
1289016 0.06884765625 1.00244140625 0.1435546875 5.49618320611 -0.793893129771 -0.381679389313
1290024 0.068115234375 1.00341796875 0.15185546875 5.43511450382 -0.732824427481 -0.580152671756
1291028 0.06689453125 1.00122070312 0.15283203125 5.43511450382 -0.900763358779 -0.595419847328
1292032 0.068603515625 1.00048828125 0.1474609375 5.46564885496 -1.02290076336 -0.442748091603
1293044 0.0732421875 1.00146484375 0.1533203125 5.34351145038 -0.961832061069 -0.503816793893
1294052 0.07275390625 1.00073242188 0.15478515625 5.40458015267 -0.824427480916 -0.442748091603
1295056 0.07080078125 1.00146484375 0.149169921875 5.67938931298 -0.641221374046 -0.473282442748
1296060 0.072021484375 1.00268554688 0.145263671875 5.49618320611 -0.687022900763 -0.702290076336
1297064 0.07177734375 1.00219726562 0.140869140625 5.2213740458 -0.839694656489 -0.595419847328
1298068 0.07177734375 0.999755859375 0.144287109375 5.41984732824 -0.992366412214 -0.549618320611
1299072 0.069580078125 0.9990234375 0.148193359375 5.45038167939 -0.824427480916 -0.656488549618
1300088 0.0673828125 0.99951171875 0.152587890625 5.57251908397 -0.778625954198 -0.396946564885
1301096 0.069580078125 1.00073242188 0.14892578125 5.41984732824 -0.717557251908 -0.351145038168
1302104 0.0732421875 1.00146484375 0.1474609375 5.25190839695 -0.732824427481 -0.519083969466
1303120 0.074462890625 1.00122070312 0.151123046875 5.08396946565 -0.748091603053 -0.702290076336
1304124 0.074951171875 1.00317382812 0.149658203125 5.26717557252 -0.671755725191 -0.702290076336
1305128 0.071533203125 1.00170898438 0.155029296875 5.51145038168 -0.885496183206 -0.503816793893
1306140 0.0693359375 1.00317382812 0.148193359375 5.52671755725 -0.992366412214 -0.335877862595
1307148 0.07177734375 1.00390625 0.14208984375 5.40458015267 -0.732824427481 -0.442748091603
1308152 0.072021484375 1.0 0.140380859375 5.43511450382 -0.748091603053 -0.473282442748
1309164 0.0712890625 0.998046875 0.144775390625 5.3893129771 -0.824427480916 -0.427480916031
1310168 0.072509765625 1.00122070312 0.1513671875 5.48091603053 -0.717557251908 -0.458015267176
1311172 0.072998046875 1.00341796875 0.14697265625 5.41984732824 -0.839694656489 -0.458015267176
1312188 0.0732421875 1.001953125 0.143310546875 5.32824427481 -0.916030534351 -0.824427480916
1313192 0.075927734375 1.00415039062 0.143310546875 5.48091603053 -0.778625954198 -0.900763358779
1314200 0.073974609375 1.00366210938 0.145263671875 5.46564885496 -0.870229007634 -0.595419847328
1315216 0.071533203125 1.00268554688 0.145751953125 5.43511450382 -0.748091603053 -0.396946564885
1316220 0.0693359375 1.00146484375 0.144287109375 5.37404580153 -0.717557251908 -0.458015267176
1317228 0.066162109375 1.00122070312 0.150634765625 5.41984732824 -0.778625954198 -0.458015267176
1318240 0.069580078125 1.0009765625 0.156982421875 5.49618320611 -0.839694656489 -0.427480916031
1319248 0.072509765625 0.999267578125 0.149169921875 5.32824427481 -0.931297709924 -0.473282442748
1320252 0.068603515625 0.9990234375 0.147216796875 5.41984732824 -1.08396946565 -0.610687022901
1321264 0.0693359375 1.00122070312 0.14599609375 5.51145038168 -0.885496183206 -0.763358778626
1322272 0.070068359375 1.00317382812 0.146484375 5.61832061069 -0.687022900763 -0.656488549618
1323276 0.0703125 1.00048828125 0.147705078125 5.48091603053 -0.656488549618 -0.641221374046
1324280 0.071533203125 1.00024414062 0.1494140625 5.51145038168 -0.748091603053 -0.427480916031
1325284 0.073974609375 1.0009765625 0.143798828125 5.61832061069 -0.732824427481 -0.24427480916
1326292 0.072265625 0.99853515625 0.142822265625 5.58778625954 -0.717557251908 -0.290076335878
1327296 0.070556640625 0.999267578125 0.145751953125 5.49618320611 -0.717557251908 -0.412213740458
1328304 0.06884765625 1.00146484375 0.142822265625 5.46564885496 -0.717557251908 -0.412213740458
1329320 0.06787109375 1.00024414062 0.143310546875 5.46564885496 -0.595419847328 -0.396946564885
1330324 0.070556640625 1.0029296875 0.15087890625 5.58778625954 -0.564885496183 -0.396946564885
1331332 0.07177734375 1.00512695312 0.153564453125 5.49618320611 -0.717557251908 -0.427480916031
1332340 0.067626953125 1.00439453125 0.155517578125 5.48091603053 -0.748091603053 -0.458015267176
1333352 0.0673828125 1.00366210938 0.1552734375 5.37404580153 -0.824427480916 -0.534351145038
1334356 0.06982421875 1.00439453125 0.15087890625 5.32824427481 -0.961832061069 -0.335877862595
1335364 0.0703125 1.00170898438 0.153076171875 5.34351145038 -0.916030534351 -0.0610687022901
1336376 0.06982421875 0.99951171875 0.158203125 5.48091603053 -0.793893129771 -0.229007633588
1337380 0.070068359375 1.001953125 0.151611328125 5.58778625954 -0.687022900763 -0.503816793893
1338384 0.072998046875 1.00390625 0.1474609375 5.54198473282 -0.824427480916 -0.488549618321
1339404 0.074951171875 1.00219726562 0.15283203125 5.63358778626 -0.931297709924 -0.412213740458
1340424 0.07373046875 0.999755859375 0.150634765625 5.3893129771 -0.854961832061 -0.427480916031
1341428 0.071533203125 0.99853515625 0.144287109375 5.08396946565 -0.519083969466 -0.381679389313
1342432 0.069091796875 1.00048828125 0.14404296875 5.2213740458 -0.687022900763 -0.381679389313
1343444 0.069091796875 1.00415039062 0.146484375 5.48091603053 -0.778625954198 -0.381679389313
1344448 0.068359375 1.0029296875 0.150634765625 5.37404580153 -0.763358778626 -0.30534351145
1345452 0.068115234375 1.0009765625 0.151611328125 5.49618320611 -0.671755725191 -0.519083969466
1346456 0.07080078125 1.00170898438 0.153076171875 5.5572519084 -0.748091603053 -0.671755725191
1347460 0.070556640625 1.00024414062 0.156982421875 5.46564885496 -0.763358778626 -0.36641221374
1348472 0.0703125 0.99755859375 0.15478515625 5.61832061069 -0.900763358779 -0.290076335878
1349480 0.0693359375 0.998779296875 0.1474609375 5.49618320611 -0.946564885496 -0.320610687023
1350484 0.072998046875 1.0009765625 0.144287109375 5.34351145038 -0.717557251908 -0.274809160305
1351496 0.076171875 1.0029296875 0.146484375 5.41984732824 -0.412213740458 -0.335877862595
1352504 0.072509765625 1.0029296875 0.14111328125 5.31297709924 -0.503816793893 -0.717557251908
1353512 0.07080078125 1.00439453125 0.140380859375 5.52671755725 -0.732824427481 -0.427480916031
1354520 0.0703125 1.00537109375 0.150146484375 5.57251908397 -0.793893129771 -0.396946564885
1355532 0.06884765625 1.00317382812 0.150146484375 5.3893129771 -0.839694656489 -0.534351145038
1356540 0.071533203125 1.0009765625 0.1435546875 5.09923664122 -0.900763358779 -0.732824427481
1357548 0.073486328125 0.999267578125 0.148193359375 5.43511450382 -0.885496183206 -0.839694656489
1358564 0.069580078125 0.999267578125 0.149169921875 5.32824427481 -0.625954198473 -0.870229007634
1359568 0.069580078125 0.9990234375 0.145751953125 5.20610687023 -0.625954198473 -0.610687022901
1360572 0.07177734375 0.998291015625 0.143798828125 5.37404580153 -0.717557251908 -0.381679389313
1361576 0.073486328125 0.99853515625 0.143798828125 5.3893129771 -0.656488549618 -0.36641221374
1362584 0.072021484375 1.00170898438 0.148193359375 5.29770992366 -0.793893129771 -0.458015267176
1363588 0.069091796875 1.00122070312 0.152099609375 5.40458015267 -0.763358778626 -0.351145038168
1364596 0.06982421875 0.999267578125 0.150390625 5.3893129771 -0.824427480916 -0.36641221374
1365608 0.070068359375 1.00122070312 0.143798828125 5.29770992366 -0.900763358779 -0.473282442748
1366612 0.068359375 1.001953125 0.14404296875 5.17557251908 -0.931297709924 -0.503816793893
1367620 0.0712890625 1.00268554688 0.151611328125 5.2213740458 -1.00763358779 -0.473282442748
1368632 0.073486328125 1.00390625 0.154541015625 5.28244274809 -0.916030534351 -0.396946564885
1369640 0.07080078125 1.00219726562 0.1474609375 5.3893129771 -0.824427480916 -0.473282442748
1370644 0.070068359375 0.9990234375 0.145263671875 5.45038167939 -0.778625954198 -0.519083969466
1371660 0.070556640625 0.997802734375 0.149658203125 5.48091603053 -0.687022900763 -0.687022900763
1372664 0.071533203125 0.99951171875 0.150146484375 5.28244274809 -0.809160305344 -0.748091603053
1373672 0.0693359375 1.0009765625 0.153076171875 5.16030534351 -0.748091603053 -0.549618320611
1374676 0.06787109375 0.998291015625 0.147705078125 5.37404580153 -0.885496183206 -0.625954198473
1375684 0.067626953125 1.00073242188 0.146240234375 5.34351145038 -0.977099236641 -0.702290076336
1376688 0.068115234375 1.00390625 0.15234375 5.25190839695 -0.931297709924 -0.671755725191
1377696 0.069091796875 1.00415039062 0.15283203125 5.43511450382 -0.824427480916 -0.687022900763
1378708 0.0693359375 1.00219726562 0.1572265625 5.31297709924 -0.549618320611 -0.641221374046
1379716 0.072509765625 1.00073242188 0.158203125 5.37404580153 -0.625954198473 -0.595419847328
1380720 0.07470703125 1.00122070312 0.157958984375 5.61832061069 -0.595419847328 -0.641221374046
1381724 0.073486328125 1.00048828125 0.155517578125 5.64885496183 -0.656488549618 -0.671755725191
1382732 0.07373046875 1.00146484375 0.1474609375 5.37404580153 -0.671755725191 -0.717557251908
1383748 0.07275390625 1.00073242188 0.142578125 5.32824427481 -0.641221374046 -0.473282442748
1384756 0.072509765625 0.99853515625 0.148681640625 5.37404580153 -0.702290076336 -0.351145038168
1385760 0.072265625 1.0 0.149169921875 5.35877862595 -0.687022900763 -0.503816793893
1386768 0.067626953125 1.0009765625 0.150390625 5.57251908397 -0.900763358779 -0.625954198473
1387772 0.067138671875 1.00341796875 0.15087890625 5.5572519084 -1.0534351145 -0.534351145038
1388788 0.0693359375 1.00415039062 0.143310546875 5.63358778626 -0.900763358779 -0.458015267176
1389792 0.06884765625 1.00366210938 0.14794921875 5.69465648855 -0.671755725191 -0.351145038168
1390800 0.068603515625 1.00244140625 0.14794921875 5.49618320611 -0.534351145038 -0.427480916031
1391816 0.0712890625 0.998291015625 0.1376953125 5.41984732824 -0.702290076336 -0.519083969466
1392820 0.07421875 0.999755859375 0.138671875 5.41984732824 -0.916030534351 -0.549618320611
1393828 0.07568359375 0.99853515625 0.147705078125 5.26717557252 -0.977099236641 -0.442748091603
1394832 0.07373046875 1.00170898438 0.154541015625 5.37404580153 -0.717557251908 -0.381679389313
1395848 0.069580078125 1.00317382812 0.155029296875 5.43511450382 -0.702290076336 -0.335877862595
1396852 0.067138671875 1.0 0.153076171875 5.32824427481 -0.778625954198 -0.36641221374
1397860 0.06689453125 0.9990234375 0.147216796875 5.3893129771 -0.671755725191 -0.473282442748
1398876 0.069091796875 0.996337890625 0.14404296875 5.49618320611 -0.656488549618 -0.412213740458
1399880 0.072265625 0.999267578125 0.145263671875 5.52671755725 -0.549618320611 -0.473282442748
1400888 0.071533203125 1.0009765625 0.146728515625 5.54198473282 -0.641221374046 -0.580152671756
1401892 0.069580078125 1.0009765625 0.14794921875 5.60305343511 -0.671755725191 -0.549618320611
1402904 0.07080078125 1.0009765625 0.148193359375 5.51145038168 -0.778625954198 -0.488549618321
1403916 0.072265625 0.998779296875 0.1474609375 5.49618320611 -0.717557251908 -0.458015267176
1404924 0.073974609375 1.0009765625 0.154296875 5.48091603053 -0.778625954198 -0.473282442748
1405928 0.07421875 1.00146484375 0.162841796875 5.51145038168 -0.824427480916 -0.381679389313
1406932 0.078125 1.0 0.158203125 5.43511450382 -0.839694656489 -0.412213740458
1407936 0.076416015625 1.0009765625 0.1513671875 5.51145038168 -0.625954198473 -0.503816793893
1408948 0.07080078125 1.00170898438 0.146728515625 5.51145038168 -0.687022900763 -0.610687022901
1409956 0.072998046875 1.00122070312 0.146240234375 5.46564885496 -0.824427480916 -0.519083969466
1410964 0.07275390625 1.00463867188 0.14501953125 5.31297709924 -0.961832061069 -0.36641221374
1411972 0.070556640625 1.0048828125 0.14453125 5.40458015267 -1.00763358779 -0.198473282443
1412988 0.0712890625 1.00024414062 0.143310546875 5.43511450382 -1.14503816794 -0.595419847328
1413992 0.0712890625 1.00048828125 0.145751953125 5.40458015267 -0.839694656489 -0.549618320611
1414996 0.071044921875 1.00170898438 0.148681640625 5.26717557252 -0.610687022901 -0.473282442748
1416008 0.073486328125 1.001953125 0.150146484375 5.35877862595 -0.519083969466 -0.36641221374
1417016 0.0712890625 1.00048828125 0.156005859375 5.51145038168 -0.641221374046 -0.488549618321
1418020 0.06884765625 0.998779296875 0.153076171875 5.60305343511 -0.763358778626 -0.641221374046
1419028 0.07177734375 0.99951171875 0.148681640625 5.54198473282 -0.854961832061 -0.595419847328
1420032 0.0712890625 1.00048828125 0.1552734375 5.52671755725 -0.900763358779 -0.519083969466
1421044 0.070068359375 1.00415039062 0.1572265625 5.31297709924 -0.717557251908 -0.687022900763
1422052 0.07177734375 0.9990234375 0.147705078125 5.3893129771 -0.625954198473 -0.732824427481
1423056 0.06884765625 0.99755859375 0.146728515625 5.52671755725 -0.671755725191 -0.656488549618
1424064 0.06884765625 1.0 0.145751953125 5.61832061069 -0.717557251908 -0.641221374046
1425068 0.072021484375 1.0 0.14794921875 5.57251908397 -1.09923664122 -0.549618320611
1426080 0.07470703125 0.999267578125 0.14990234375 5.58778625954 -0.900763358779 -0.290076335878
1427084 0.07275390625 0.9990234375 0.154541015625 5.64885496183 -0.763358778626 -0.473282442748
1428092 0.07275390625 0.9990234375 0.1484375 5.5572519084 -0.748091603053 -0.641221374046
1429096 0.072265625 1.0 0.14111328125 5.34351145038 -0.687022900763 -0.549618320611
1430100 0.06982421875 1.00439453125 0.144287109375 5.23664122137 -1.09923664122 -0.503816793893
1431116 0.07177734375 1.00561523438 0.14599609375 5.34351145038 -1.08396946565 -0.503816793893
1432120 0.07275390625 1.00341796875 0.142822265625 5.48091603053 -0.885496183206 -0.671755725191
1433128 0.074462890625 1.0029296875 0.1474609375 5.58778625954 -0.748091603053 -0.824427480916
1434144 0.075439453125 1.001953125 0.150390625 5.45038167939 -0.641221374046 -0.717557251908
1435148 0.07275390625 1.00073242188 0.1494140625 5.3893129771 -0.488549618321 -0.503816793893
1436156 0.0712890625 1.00073242188 0.14501953125 5.54198473282 -0.793893129771 -0.503816793893
1437168 0.072998046875 1.00463867188 0.13671875 5.51145038168 -0.839694656489 -0.30534351145
1438172 0.072509765625 1.00610351562 0.1435546875 5.51145038168 -0.656488549618 -0.274809160305
1439180 0.072021484375 1.00463867188 0.14990234375 5.61832061069 -0.519083969466 -0.335877862595
1440196 0.0703125 1.00170898438 0.150146484375 5.58778625954 -0.702290076336 -0.580152671756
1441200 0.071044921875 1.0009765625 0.151123046875 5.5572519084 -0.793893129771 -0.610687022901
1442208 0.07421875 1.0009765625 0.14990234375 5.60305343511 -0.748091603053 -0.412213740458
1443220 0.072265625 1.00219726562 0.145751953125 5.54198473282 -0.748091603053 -0.36641221374
1444228 0.072998046875 1.00390625 0.144775390625 5.51145038168 -0.824427480916 -0.458015267176
1445232 0.072998046875 1.00170898438 0.151611328125 5.34351145038 -0.870229007634 -0.671755725191
1446236 0.072998046875 0.99951171875 0.151611328125 5.49618320611 -0.870229007634 -0.595419847328
1447244 0.07373046875 0.998291015625 0.149169921875 5.41984732824 -0.778625954198 -0.503816793893
1448256 0.072509765625 0.9990234375 0.14794921875 5.28244274809 -0.793893129771 -0.458015267176
1449264 0.072509765625 1.00048828125 0.144775390625 5.37404580153 -0.778625954198 -0.610687022901
1450268 0.0703125 0.99853515625 0.150634765625 5.58778625954 -0.854961832061 -0.473282442748
1451276 0.06787109375 0.99951171875 0.154052734375 5.5572519084 -0.778625954198 -0.427480916031
1452284 0.071533203125 1.00024414062 0.152099609375 5.49618320611 -0.885496183206 -0.412213740458
1453288 0.072998046875 1.00073242188 0.150390625 5.3893129771 -0.916030534351 -0.488549618321
1454296 0.069580078125 1.001953125 0.15478515625 5.54198473282 -1.00763358779 -0.610687022901
1455308 0.07080078125 1.00048828125 0.1572265625 5.48091603053 -0.961832061069 -0.580152671756
1456312 0.07421875 0.999755859375 0.154296875 5.46564885496 -1.02290076336 -0.473282442748
1457320 0.07470703125 1.00122070312 0.146484375 5.51145038168 -0.916030534351 -0.564885496183
1458324 0.073486328125 1.00366210938 0.137451171875 5.49618320611 -0.687022900763 -0.763358778626
1459336 0.073486328125 1.0029296875 0.139892578125 5.3893129771 -0.671755725191 -0.641221374046
1460344 0.07080078125 1.00219726562 0.145263671875 5.35877862595 -0.656488549618 -0.412213740458
1461348 0.06884765625 1.00390625 0.150146484375 5.40458015267 -0.793893129771 -0.36641221374
1462360 0.071044921875 1.001953125 0.1533203125 5.5572519084 -1.14503816794 -0.488549618321
1463364 0.070556640625 0.9990234375 0.151611328125 5.48091603053 -1.08396946565 -0.473282442748
1464372 0.070068359375 1.00024414062 0.150146484375 5.46564885496 -0.763358778626 -0.473282442748
1465388 0.070068359375 1.0029296875 0.151611328125 5.54198473282 -0.656488549618 -0.519083969466
1466392 0.06884765625 1.0009765625 0.1494140625 5.64885496183 -0.656488549618 -0.564885496183
1467404 0.069580078125 1.00024414062 0.146728515625 5.58778625954 -0.580152671756 -0.564885496183
1468408 0.06982421875 1.001953125 0.14794921875 5.43511450382 -0.656488549618 -0.564885496183
1469416 0.0703125 1.00341796875 0.14599609375 5.31297709924 -0.610687022901 -0.687022900763
1470432 0.0693359375 1.00439453125 0.145263671875 5.26717557252 -0.687022900763 -0.625954198473
1471436 0.068115234375 1.00415039062 0.15283203125 5.34351145038 -0.595419847328 -0.534351145038
1472440 0.06884765625 1.00317382812 0.152587890625 5.5572519084 -0.748091603053 -0.427480916031
1473444 0.072265625 1.00244140625 0.146240234375 5.52671755725 -0.748091603053 -0.412213740458
1474448 0.07373046875 1.00341796875 0.1455078125 5.31297709924 -0.870229007634 -0.381679389313
1475460 0.071044921875 1.001953125 0.14697265625 5.23664122137 -0.854961832061 -0.503816793893
1476464 0.071044921875 0.999755859375 0.15087890625 5.31297709924 -1.02290076336 -0.564885496183
1477472 0.073486328125 0.999755859375 0.150146484375 5.46564885496 -0.916030534351 -0.610687022901
1478480 0.074462890625 0.999755859375 0.149169921875 5.35877862595 -0.778625954198 -0.519083969466
1479488 0.074462890625 1.00073242188 0.14990234375 5.41984732824 -0.824427480916 -0.549618320611
1480496 0.07568359375 1.0009765625 0.142822265625 5.51145038168 -0.931297709924 -0.549618320611
1481504 0.072998046875 0.999267578125 0.145751953125 5.51145038168 -1.02290076336 -0.610687022901
1482508 0.0703125 0.99853515625 0.144287109375 5.43511450382 -0.748091603053 -0.458015267176
1483520 0.071533203125 0.998779296875 0.13916015625 5.48091603053 -0.809160305344 -0.442748091603
1484524 0.070556640625 1.00170898438 0.14697265625 5.43511450382 -0.702290076336 -0.335877862595
1485532 0.070556640625 1.00122070312 0.150634765625 5.57251908397 -0.717557251908 -0.290076335878
1486544 0.072021484375 1.00024414062 0.156494140625 5.69465648855 -0.870229007634 -0.381679389313
1487548 0.072021484375 1.00073242188 0.154052734375 5.63358778626 -0.671755725191 -0.412213740458
1488560 0.06982421875 1.0009765625 0.145751953125 5.41984732824 -0.671755725191 -0.381679389313
1489564 0.067626953125 1.00073242188 0.14501953125 5.51145038168 -0.778625954198 -0.290076335878
1490572 0.067138671875 0.99951171875 0.150146484375 5.57251908397 -0.900763358779 -0.458015267176
1491584 0.06591796875 0.99951171875 0.14794921875 5.49618320611 -0.916030534351 -0.519083969466
1492592 0.06640625 0.99951171875 0.14013671875 5.45038167939 -0.793893129771 -0.519083969466
1493596 0.066650390625 1.00024414062 0.14453125 5.40458015267 -0.641221374046 -0.458015267176
1494608 0.0673828125 1.00146484375 0.148681640625 5.43511450382 -0.702290076336 -0.381679389313
1495616 0.069580078125 1.00317382812 0.1474609375 5.49618320611 -0.931297709924 -0.503816793893
1496620 0.0693359375 1.00439453125 0.14697265625 5.48091603053 -0.992366412214 -0.564885496183
1497624 0.069091796875 1.00048828125 0.14794921875 5.43511450382 -1.11450381679 -0.458015267176
1498628 0.072265625 0.999755859375 0.14599609375 5.23664122137 -0.748091603053 -0.30534351145
1499640 0.072021484375 1.00122070312 0.1484375 5.25190839695 -0.595419847328 -0.106870229008
1500648 0.06982421875 1.0009765625 0.155029296875 5.29770992366 -0.641221374046 -0.229007633588
1501652 0.072998046875 1.0029296875 0.151611328125 5.67938931298 -0.732824427481 -0.458015267176
1502668 0.074951171875 1.00048828125 0.145751953125 5.63358778626 -0.870229007634 -0.519083969466
1503676 0.072265625 0.99853515625 0.146484375 5.48091603053 -0.763358778626 -0.564885496183
1504680 0.07080078125 0.99951171875 0.14794921875 5.35877862595 -0.763358778626 -0.641221374046
1505684 0.071044921875 0.998291015625 0.15087890625 5.40458015267 -0.885496183206 -0.564885496183
1506692 0.070556640625 0.9990234375 0.14794921875 5.52671755725 -0.793893129771 -0.473282442748
1507700 0.070556640625 1.00146484375 0.141845703125 5.29770992366 -0.641221374046 -0.351145038168
1508708 0.069580078125 1.00170898438 0.1474609375 5.26717557252 -0.503816793893 -0.274809160305
1509712 0.0693359375 0.999755859375 0.153076171875 5.3893129771 -0.839694656489 -0.412213740458
1510724 0.0712890625 0.998779296875 0.152099609375 5.32824427481 -0.931297709924 -0.36641221374
1511732 0.072998046875 1.00219726562 0.149658203125 5.25190839695 -1.06870229008 -0.290076335878
1512736 0.07177734375 1.00317382812 0.1455078125 5.19083969466 -0.793893129771 -0.30534351145
1513744 0.06982421875 1.00024414062 0.142578125 5.43511450382 -0.519083969466 -0.458015267176
1514752 0.0703125 0.99951171875 0.1416015625 5.32824427481 -0.473282442748 -0.549618320611
1515764 0.0712890625 0.99951171875 0.142333984375 5.41984732824 -0.717557251908 -0.473282442748
1516768 0.07177734375 1.0 0.147216796875 5.40458015267 -0.793893129771 -0.30534351145
1517772 0.0732421875 0.999267578125 0.148681640625 5.45038167939 -0.778625954198 -0.36641221374
1518788 0.07373046875 0.9970703125 0.144287109375 5.41984732824 -0.824427480916 -0.488549618321
1519792 0.07568359375 0.999755859375 0.1435546875 5.46564885496 -0.748091603053 -0.412213740458
1520796 0.07421875 1.0009765625 0.144775390625 5.43511450382 -0.687022900763 -0.412213740458
1521812 0.06982421875 0.999755859375 0.1494140625 5.31297709924 -0.732824427481 -0.458015267176
1522816 0.069091796875 1.0009765625 0.15234375 5.25190839695 -0.748091603053 -0.442748091603
1523820 0.06884765625 1.00463867188 0.14697265625 5.57251908397 -0.549618320611 -0.519083969466
1524836 0.072021484375 1.00512695312 0.14990234375 5.67938931298 -0.473282442748 -0.534351145038
1525840 0.0712890625 1.00341796875 0.152587890625 5.54198473282 -0.778625954198 -0.564885496183
1526844 0.070556640625 1.00341796875 0.154541015625 5.43511450382 -0.854961832061 -0.488549618321
1527860 0.071533203125 1.00122070312 0.150634765625 5.37404580153 -0.778625954198 -0.351145038168
1528864 0.070556640625 0.997314453125 0.15087890625 5.46564885496 -0.885496183206 -0.488549618321
1529872 0.072265625 1.0 0.14794921875 5.64885496183 -0.854961832061 -0.671755725191
1530892 0.072265625 1.00268554688 0.1474609375 5.48091603053 -0.656488549618 -0.519083969466
1531912 0.07080078125 1.0 0.151123046875 5.37404580153 -0.748091603053 -0.36641221374
1532932 0.069091796875 1.0 0.149658203125 5.43511450382 -0.809160305344 -0.503816793893
1533936 0.066162109375 1.00146484375 0.147705078125 5.41984732824 -0.854961832061 -0.534351145038
1534940 0.0673828125 1.0009765625 0.152099609375 5.41984732824 -0.870229007634 -0.580152671756
1535952 0.071044921875 1.00073242188 0.154296875 5.52671755725 -0.793893129771 -0.351145038168
1536960 0.07275390625 0.99951171875 0.149658203125 5.49618320611 -0.580152671756 -0.30534351145
1537964 0.074951171875 0.99755859375 0.147705078125 5.3893129771 -0.549618320611 -0.412213740458
1538976 0.073974609375 1.00122070312 0.14990234375 5.34351145038 -0.702290076336 -0.564885496183
1539980 0.068359375 1.0029296875 0.150634765625 5.29770992366 -0.687022900763 -0.488549618321
1540984 0.06591796875 1.00048828125 0.14794921875 5.08396946565 -0.671755725191 -0.549618320611
1541992 0.0654296875 1.00122070312 0.145751953125 5.46564885496 -0.885496183206 -0.442748091603
1542996 0.0673828125 1.00146484375 0.150390625 5.61832061069 -0.839694656489 -0.458015267176
1544008 0.068359375 0.998779296875 0.150146484375 5.61832061069 -0.748091603053 -0.503816793893
1545016 0.068115234375 0.999267578125 0.1474609375 5.49618320611 -0.748091603053 -0.503816793893
1546020 0.0693359375 1.0009765625 0.148681640625 5.43511450382 -0.732824427481 -0.549618320611
1547024 0.068603515625 1.00146484375 0.150634765625 5.41984732824 -0.671755725191 -0.595419847328
1548032 0.0703125 1.00390625 0.149169921875 5.60305343511 -0.854961832061 -0.549618320611
1549040 0.071044921875 1.00341796875 0.147705078125 5.49618320611 -1.02290076336 -0.687022900763
1550048 0.068359375 1.0 0.15380859375 5.46564885496 -0.992366412214 -0.519083969466
1551056 0.067138671875 1.00048828125 0.1484375 5.43511450382 -0.885496183206 -0.473282442748
1552068 0.06640625 1.00244140625 0.145263671875 5.43511450382 -0.748091603053 -0.427480916031
1553072 0.06884765625 1.00244140625 0.14990234375 5.40458015267 -0.793893129771 -0.442748091603
1554084 0.071044921875 1.00439453125 0.1533203125 5.45038167939 -0.778625954198 -0.412213740458
1555092 0.072509765625 1.00366210938 0.154296875 5.31297709924 -0.732824427481 -0.381679389313
1556096 0.074462890625 1.001953125 0.152099609375 5.20610687023 -0.763358778626 -0.396946564885
1557108 0.07275390625 1.00219726562 0.156494140625 5.41984732824 -0.931297709924 -0.351145038168
1558112 0.07275390625 0.999755859375 0.157470703125 5.5572519084 -0.778625954198 -0.396946564885
1559124 0.06982421875 0.999755859375 0.1533203125 5.63358778626 -0.610687022901 -0.702290076336
1560132 0.066650390625 1.00341796875 0.149169921875 5.80152671756 -0.702290076336 -0.595419847328
1561136 0.06884765625 1.0029296875 0.150146484375 5.54198473282 -0.824427480916 -0.412213740458
1562152 0.0712890625 0.999755859375 0.1474609375 5.40458015267 -0.885496183206 -0.36641221374
1563156 0.072265625 1.00170898438 0.1435546875 5.41984732824 -0.793893129771 -0.503816793893
1564160 0.072509765625 1.00390625 0.14501953125 5.5572519084 -0.839694656489 -0.320610687023
1565164 0.071044921875 1.00219726562 0.145263671875 5.5572519084 -0.671755725191 -0.503816793893
1566172 0.069091796875 1.00024414062 0.14599609375 5.48091603053 -0.732824427481 -0.595419847328
1567184 0.0712890625 1.00048828125 0.148681640625 5.31297709924 -0.748091603053 -0.671755725191
1568192 0.0693359375 1.0 0.1494140625 5.37404580153 -0.870229007634 -0.595419847328
1569196 0.06689453125 0.999755859375 0.1494140625 5.3893129771 -0.900763358779 -0.442748091603
1570208 0.069580078125 1.00048828125 0.147216796875 5.35877862595 -0.763358778626 -0.24427480916
1571216 0.072021484375 0.999267578125 0.146728515625 5.3893129771 -0.809160305344 -0.335877862595
1572220 0.072265625 0.99951171875 0.153564453125 5.40458015267 -0.778625954198 -0.671755725191
1573232 0.070556640625 0.99853515625 0.1533203125 5.32824427481 -0.961832061069 -0.793893129771
1574236 0.071044921875 0.99853515625 0.149658203125 5.34351145038 -0.885496183206 -0.763358778626
1575244 0.07177734375 1.00073242188 0.150146484375 5.2213740458 -0.656488549618 -0.564885496183
1576256 0.069580078125 1.00122070312 0.154052734375 5.2213740458 -0.564885496183 -0.36641221374
1577264 0.068603515625 1.00317382812 0.150634765625 5.45038167939 -0.748091603053 -0.458015267176
1578268 0.071533203125 1.00317382812 0.145263671875 5.58778625954 -0.763358778626 -0.335877862595
1579276 0.07177734375 1.00219726562 0.153564453125 5.84732824427 -0.687022900763 -0.458015267176
1580280 0.070068359375 1.00268554688 0.15673828125 5.72519083969 -0.824427480916 -0.351145038168
1581288 0.069580078125 1.00390625 0.151123046875 5.5572519084 -0.824427480916 -0.503816793893
1582292 0.070068359375 1.00146484375 0.14892578125 5.49618320611 -0.687022900763 -0.442748091603
1583300 0.072998046875 0.998779296875 0.14794921875 5.49618320611 -0.793893129771 -0.290076335878
1584316 0.0732421875 0.99951171875 0.150390625 5.46564885496 -0.580152671756 -0.36641221374
1585320 0.06982421875 1.00170898438 0.152099609375 5.49618320611 -0.595419847328 -0.625954198473
1586328 0.068359375 0.999267578125 0.1494140625 5.52671755725 -0.763358778626 -0.671755725191
1587336 0.071533203125 0.99755859375 0.146728515625 5.5572519084 -0.824427480916 -0.519083969466
1588348 0.07373046875 1.00146484375 0.150146484375 5.54198473282 -0.748091603053 -0.442748091603
1589356 0.07373046875 1.00219726562 0.151611328125 5.40458015267 -0.717557251908 -0.534351145038
1590364 0.07177734375 1.0 0.151611328125 5.35877862595 -0.748091603053 -0.320610687023
1591368 0.070556640625 1.0 0.15087890625 5.48091603053 -0.885496183206 -0.12213740458
1592380 0.072265625 1.00073242188 0.14990234375 5.54198473282 -0.870229007634 -0.229007633588
1593384 0.0732421875 1.0 0.146240234375 5.51145038168 -0.625954198473 -0.442748091603
1594392 0.07421875 1.00122070312 0.145751953125 5.46564885496 -0.427480916031 -0.427480916031
1595412 0.0712890625 1.00366210938 0.14501953125 5.31297709924 -0.519083969466 -0.427480916031
1596428 0.06982421875 1.00048828125 0.145751953125 5.31297709924 -0.519083969466 -0.519083969466
1597432 0.0703125 0.996826171875 0.1533203125 5.34351145038 -0.687022900763 -0.564885496183
1598440 0.07080078125 0.99853515625 0.147705078125 5.41984732824 -0.824427480916 -0.534351145038
1599456 0.0732421875 1.00317382812 0.142578125 5.3893129771 -0.641221374046 -0.564885496183
1600460 0.069580078125 1.001953125 0.145751953125 5.41984732824 -0.931297709924 -0.580152671756
1601464 0.07177734375 0.99951171875 0.153076171875 5.46564885496 -1.06870229008 -0.412213740458
1602468 0.07421875 1.001953125 0.151123046875 5.43511450382 -0.793893129771 -0.259541984733
1603472 0.0703125 1.0029296875 0.146240234375 5.51145038168 -0.717557251908 -0.213740458015
1604484 0.07080078125 1.00366210938 0.147705078125 5.45038167939 -0.931297709924 -0.259541984733
1605500 0.0703125 1.00341796875 0.146728515625 5.28244274809 -0.961832061069 -0.290076335878
1606504 0.0703125 1.00341796875 0.14990234375 5.26717557252 -0.961832061069 -0.36641221374
1607512 0.07080078125 1.00366210938 0.1455078125 5.31297709924 -0.793893129771 -0.458015267176
1608528 0.069091796875 1.00073242188 0.14453125 5.40458015267 -0.732824427481 -0.534351145038
1609532 0.06787109375 0.999267578125 0.148193359375 5.49618320611 -0.763358778626 -0.534351145038
1610540 0.071044921875 1.00146484375 0.14794921875 5.46564885496 -0.641221374046 -0.580152671756
1611544 0.07275390625 1.00122070312 0.14599609375 5.3893129771 -0.610687022901 -0.519083969466
1612552 0.072021484375 1.00048828125 0.141357421875 5.29770992366 -0.717557251908 -0.381679389313
1613560 0.07275390625 0.9990234375 0.14404296875 5.48091603053 -0.854961832061 -0.412213740458
1614568 0.0712890625 0.99951171875 0.1474609375 5.64885496183 -1.09923664122 -0.503816793893
1615572 0.069580078125 1.0 0.154052734375 5.58778625954 -0.763358778626 -0.473282442748
1616588 0.069091796875 1.0 0.15966796875 5.20610687023 -0.564885496183 -0.442748091603
1617596 0.072265625 1.0009765625 0.150390625 5.08396946565 -0.687022900763 -0.442748091603
1618604 0.073974609375 0.999755859375 0.14306640625 5.16030534351 -0.809160305344 -0.641221374046
1619616 0.071533203125 1.00122070312 0.151611328125 5.25190839695 -0.900763358779 -0.656488549618
1620624 0.071533203125 1.00317382812 0.15673828125 5.48091603053 -0.671755725191 -0.473282442748
1621628 0.0693359375 1.00219726562 0.159423828125 5.5572519084 -0.839694656489 -0.458015267176
1622632 0.072021484375 1.00170898438 0.149658203125 5.19083969466 -0.564885496183 -0.473282442748
1623636 0.069580078125 0.997802734375 0.14892578125 5.32824427481 -0.473282442748 -0.564885496183
1624640 0.06689453125 0.99853515625 0.14599609375 5.43511450382 -0.580152671756 -0.641221374046
1625648 0.069580078125 1.00244140625 0.144287109375 5.46564885496 -0.732824427481 -0.610687022901
1626656 0.073486328125 1.00146484375 0.14794921875 5.40458015267 -0.916030534351 -0.549618320611
1627660 0.0703125 1.00048828125 0.1484375 5.48091603053 -0.809160305344 -0.274809160305
1628668 0.068359375 1.0048828125 0.15087890625 5.49618320611 -0.870229007634 -0.213740458015
1629684 0.071044921875 1.00708007812 0.1494140625 5.35877862595 -1.02290076336 -0.30534351145
1630688 0.07177734375 1.00268554688 0.149169921875 5.31297709924 -0.824427480916 -0.442748091603
1631696 0.069091796875 1.00170898438 0.1484375 5.34351145038 -0.580152671756 -0.580152671756
1632712 0.068603515625 1.00439453125 0.14599609375 5.35877862595 -0.427480916031 -0.442748091603
1633716 0.070068359375 1.0048828125 0.149658203125 5.45038167939 -0.458015267176 -0.442748091603
1634724 0.071044921875 1.0048828125 0.1484375 5.37404580153 -0.717557251908 -0.473282442748
1635736 0.071533203125 1.00122070312 0.14501953125 5.37404580153 -1.00763358779 -0.412213740458
1636744 0.07177734375 0.99853515625 0.148681640625 5.58778625954 -1.06870229008 -0.610687022901
1637748 0.072265625 1.00024414062 0.148193359375 5.61832061069 -1.02290076336 -0.687022900763
1638760 0.071533203125 1.00170898438 0.14599609375 5.60305343511 -0.854961832061 -0.534351145038
1639768 0.072265625 1.00073242188 0.146484375 5.5572519084 -0.809160305344 -0.473282442748
1640772 0.074462890625 0.99755859375 0.150634765625 5.58778625954 -0.854961832061 -0.335877862595
1641784 0.07470703125 0.9990234375 0.156005859375 5.64885496183 -0.793893129771 -0.549618320611
1642792 0.07080078125 1.0009765625 0.150146484375 5.51145038168 -0.503816793893 -0.732824427481
1643796 0.0703125 1.00610351562 0.1435546875 5.35877862595 -0.717557251908 -0.503816793893
1644800 0.0703125 1.00805664062 0.14599609375 5.32824427481 -0.824427480916 -0.488549618321
1645804 0.068603515625 1.00268554688 0.149658203125 5.35877862595 -0.854961832061 -0.519083969466
1646812 0.07080078125 1.00122070312 0.14990234375 5.34351145038 -0.778625954198 -0.396946564885
1647816 0.072021484375 1.00390625 0.147216796875 5.37404580153 -0.809160305344 -0.24427480916
1648824 0.0712890625 1.00463867188 0.150146484375 5.3893129771 -0.809160305344 -0.534351145038
1649840 0.068603515625 1.0029296875 0.153076171875 5.29770992366 -0.793893129771 -0.595419847328
1650844 0.0703125 1.00244140625 0.14990234375 5.35877862595 -0.763358778626 -0.519083969466
1651852 0.072998046875 0.998779296875 0.15478515625 5.60305343511 -0.763358778626 -0.427480916031
1652856 0.06982421875 0.99609375 0.158447265625 5.60305343511 -0.809160305344 -0.30534351145
1653868 0.0712890625 0.996826171875 0.1533203125 5.46564885496 -0.931297709924 -0.335877862595
1654876 0.07177734375 1.00048828125 0.144775390625 5.26717557252 -0.961832061069 -0.274809160305
1655880 0.06982421875 1.00366210938 0.144287109375 5.37404580153 -0.778625954198 -0.36641221374
1656892 0.072265625 1.00244140625 0.147216796875 5.57251908397 -0.732824427481 -0.503816793893
1657896 0.0712890625 1.00073242188 0.148193359375 5.69465648855 -0.824427480916 -0.488549618321
1658904 0.0693359375 1.001953125 0.15234375 5.43511450382 -0.702290076336 -0.519083969466
1659924 0.06982421875 1.0029296875 0.148681640625 5.57251908397 -0.748091603053 -0.36641221374
1660944 0.069091796875 1.00415039062 0.140380859375 5.57251908397 -0.595419847328 -0.427480916031
1661964 0.06787109375 1.00561523438 0.14208984375 5.51145038168 -0.473282442748 -0.580152671756
1662968 0.068115234375 1.0029296875 0.149658203125 5.51145038168 -0.839694656489 -0.549618320611
1663972 0.06982421875 1.00146484375 0.150634765625 5.34351145038 -0.946564885496 -0.503816793893
1664984 0.072265625 1.00268554688 0.151123046875 5.48091603053 -0.870229007634 -0.549618320611
1665988 0.072998046875 1.00122070312 0.150146484375 5.48091603053 -0.732824427481 -0.534351145038
1666992 0.06884765625 1.00073242188 0.146240234375 5.26717557252 -0.473282442748 -0.641221374046
1667996 0.068359375 1.0009765625 0.14990234375 5.43511450382 -0.519083969466 -0.458015267176
1669004 0.072509765625 1.0 0.1552734375 5.32824427481 -0.656488549618 -0.412213740458
1670012 0.074951171875 1.00073242188 0.1513671875 5.31297709924 -0.931297709924 -0.259541984733
1671020 0.072021484375 1.00170898438 0.151123046875 5.31297709924 -0.946564885496 -0.381679389313
1672024 0.068359375 1.00390625 0.1474609375 5.43511450382 -0.946564885496 -0.30534351145
1673036 0.0693359375 1.00512695312 0.1416015625 5.45038167939 -1.00763358779 -0.488549618321
1674044 0.07080078125 1.00512695312 0.147705078125 5.52671755725 -1.0534351145 -0.503816793893
1675048 0.070068359375 1.00170898438 0.15185546875 5.43511450382 -0.931297709924 -0.36641221374
1676056 0.0712890625 0.998291015625 0.152587890625 5.63358778626 -0.687022900763 -0.503816793893
1677072 0.07275390625 0.99951171875 0.1513671875 5.54198473282 -0.625954198473 -0.412213740458
1678076 0.068359375 1.00073242188 0.152099609375 5.43511450382 -0.778625954198 -0.412213740458
1679080 0.06787109375 1.0 0.1552734375 5.34351145038 -0.732824427481 -0.458015267176
1680096 0.072509765625 0.997802734375 0.154296875 5.41984732824 -0.732824427481 -0.473282442748
1681104 0.0751953125 1.00073242188 0.14697265625 5.41984732824 -0.702290076336 -0.564885496183
1682112 0.073974609375 1.00244140625 0.146484375 5.41984732824 -0.595419847328 -0.503816793893
1683116 0.073486328125 1.0 0.1513671875 5.28244274809 -0.702290076336 -0.427480916031
1684124 0.072021484375 1.00073242188 0.148681640625 5.45038167939 -0.824427480916 -0.488549618321
1685140 0.0693359375 1.0009765625 0.149169921875 5.48091603053 -0.870229007634 -0.580152671756
1686144 0.068603515625 1.00024414062 0.153076171875 5.46564885496 -0.809160305344 -0.473282442748
1687152 0.06982421875 1.00122070312 0.1552734375 5.54198473282 -0.793893129771 -0.396946564885
1688164 0.069580078125 1.00122070312 0.14990234375 5.45038167939 -0.717557251908 -0.442748091603
1689168 0.068603515625 1.00244140625 0.14404296875 5.40458015267 -0.687022900763 -0.442748091603
1690172 0.071044921875 1.00317382812 0.14404296875 5.45038167939 -0.732824427481 -0.488549618321
1691176 0.07275390625 1.00146484375 0.140625 5.26717557252 -0.854961832061 -0.564885496183
1692180 0.072998046875 0.999755859375 0.14208984375 5.31297709924 -0.839694656489 -0.564885496183
1693184 0.07421875 1.00048828125 0.1474609375 5.3893129771 -0.702290076336 -0.503816793893
1694192 0.07373046875 1.00219726562 0.149169921875 5.41984732824 -0.595419847328 -0.503816793893
1695204 0.071533203125 1.00219726562 0.151123046875 5.5572519084 -0.702290076336 -0.671755725191
1696208 0.071044921875 1.00268554688 0.152099609375 5.64885496183 -0.854961832061 -0.427480916031
1697220 0.07080078125 1.00366210938 0.14990234375 5.69465648855 -0.854961832061 -0.259541984733
1698224 0.071533203125 1.00390625 0.143798828125 5.5572519084 -0.717557251908 -0.412213740458
1699232 0.07275390625 1.00219726562 0.146240234375 5.45038167939 -0.763358778626 -0.610687022901
1700244 0.07177734375 1.0009765625 0.15283203125 5.5572519084 -0.763358778626 -0.488549618321
1701252 0.069091796875 1.0029296875 0.154296875 5.61832061069 -0.854961832061 -0.488549618321
1702256 0.068359375 1.00463867188 0.148681640625 5.5572519084 -0.946564885496 -0.519083969466
1703260 0.069580078125 1.00268554688 0.14501953125 5.35877862595 -0.900763358779 -0.519083969466
1704268 0.069091796875 1.001953125 0.152587890625 5.31297709924 -0.763358778626 -0.473282442748
1705280 0.0693359375 1.0029296875 0.150634765625 5.35877862595 -0.549618320611 -0.458015267176
1706288 0.072998046875 1.00219726562 0.142578125 5.52671755725 -0.687022900763 -0.396946564885
1707292 0.072998046875 1.00073242188 0.142822265625 5.49618320611 -0.824427480916 -0.427480916031
1708300 0.072265625 0.99755859375 0.14892578125 5.45038167939 -0.717557251908 -0.427480916031
1709304 0.070068359375 0.998046875 0.15625 5.51145038168 -0.717557251908 -0.656488549618
1710312 0.0673828125 0.999267578125 0.152099609375 5.37404580153 -0.870229007634 -0.809160305344
1711316 0.06982421875 1.00073242188 0.147216796875 5.35877862595 -0.793893129771 -0.549618320611
1712324 0.072265625 1.00390625 0.149658203125 5.37404580153 -0.549618320611 -0.381679389313
1713340 0.073486328125 1.00317382812 0.14501953125 5.37404580153 -0.564885496183 -0.427480916031
1714344 0.07275390625 1.001953125 0.14599609375 5.57251908397 -0.671755725191 -0.427480916031
1715348 0.073974609375 1.0009765625 0.15087890625 5.45038167939 -0.809160305344 -0.290076335878
1716364 0.07373046875 1.00146484375 0.151123046875 5.54198473282 -0.809160305344 -0.442748091603
1717368 0.0703125 0.999267578125 0.14794921875 5.60305343511 -0.656488549618 -0.488549618321
1718376 0.072265625 1.00073242188 0.148193359375 5.61832061069 -0.503816793893 -0.519083969466
1719384 0.07275390625 1.00610351562 0.1513671875 5.41984732824 -0.564885496183 -0.503816793893
1720396 0.07177734375 1.00463867188 0.150146484375 5.45038167939 -0.534351145038 -0.564885496183
1721400 0.0712890625 1.00048828125 0.150146484375 5.49618320611 -0.610687022901 -0.732824427481
1722404 0.071044921875 1.00048828125 0.14599609375 5.29770992366 -0.763358778626 -0.763358778626
1723416 0.071533203125 1.0009765625 0.1455078125 5.32824427481 -0.809160305344 -0.656488549618
1724428 0.074462890625 1.00219726562 0.149658203125 5.37404580153 -0.839694656489 -0.534351145038
1725432 0.072509765625 0.999267578125 0.148681640625 5.43511450382 -0.824427480916 -0.442748091603
1726440 0.068115234375 0.99853515625 0.147216796875 5.48091603053 -0.778625954198 -0.335877862595
1727452 0.068603515625 1.0009765625 0.147216796875 5.72519083969 -0.824427480916 -0.290076335878
1728456 0.072509765625 1.00122070312 0.144775390625 5.6641221374 -0.763358778626 -0.320610687023
1729464 0.070068359375 0.99951171875 0.14990234375 5.14503816794 -0.702290076336 -0.24427480916
1730480 0.0703125 1.00122070312 0.15185546875 5.20610687023 -0.839694656489 -0.30534351145
1731484 0.072509765625 1.0048828125 0.14794921875 5.32824427481 -0.656488549618 -0.534351145038
1732492 0.0703125 1.00366210938 0.147705078125 5.48091603053 -0.854961832061 -0.656488549618
1733504 0.07275390625 1.0029296875 0.150146484375 5.6641221374 -0.900763358779 -0.732824427481
1734512 0.07177734375 1.00463867188 0.154296875 5.75572519084 -0.946564885496 -0.625954198473
1735520 0.068603515625 1.00048828125 0.1552734375 5.67938931298 -1.0534351145 -0.442748091603
1736524 0.071044921875 0.998046875 0.14794921875 5.51145038168 -1.00763358779 -0.274809160305
1737532 0.072509765625 1.0 0.144287109375 5.51145038168 -0.809160305344 -0.427480916031
1738544 0.07275390625 1.00048828125 0.15087890625 5.48091603053 -0.717557251908 -0.335877862595
1739548 0.071044921875 1.00122070312 0.1533203125 5.31297709924 -0.778625954198 -0.36641221374
1740556 0.0693359375 1.0 0.143798828125 5.40458015267 -0.717557251908 -0.610687022901
1741564 0.0712890625 1.00048828125 0.137939453125 5.37404580153 -0.885496183206 -0.809160305344
1742572 0.071533203125 1.001953125 0.142578125 5.3893129771 -0.778625954198 -0.763358778626
1743576 0.07177734375 1.00073242188 0.15234375 5.3893129771 -0.702290076336 -0.625954198473
1744592 0.072998046875 1.00244140625 0.15673828125 5.40458015267 -0.763358778626 -0.458015267176
1745600 0.0732421875 1.00244140625 0.15234375 5.54198473282 -0.900763358779 -0.290076335878
1746608 0.072021484375 1.00170898438 0.150390625 5.46564885496 -1.0534351145 -0.381679389313
1747624 0.07177734375 1.00390625 0.14990234375 5.46564885496 -0.763358778626 -0.36641221374
1748628 0.072265625 1.001953125 0.15185546875 5.49618320611 -0.687022900763 -0.610687022901
1749632 0.06982421875 1.00244140625 0.15966796875 5.72519083969 -0.732824427481 -0.519083969466
1750648 0.07177734375 1.00390625 0.160888671875 5.49618320611 -0.824427480916 -0.381679389313
1751656 0.07470703125 1.00170898438 0.150146484375 5.31297709924 -0.763358778626 -0.320610687023
1752664 0.07177734375 1.0029296875 0.136474609375 5.45038167939 -0.748091603053 -0.503816793893
1753680 0.071044921875 1.0009765625 0.136962890625 5.61832061069 -0.778625954198 -0.671755725191
1754684 0.0751953125 1.0029296875 0.14208984375 5.6641221374 -0.702290076336 -0.793893129771
1755692 0.0732421875 1.00341796875 0.139404296875 5.48091603053 -0.503816793893 -0.793893129771
1756700 0.072021484375 0.99853515625 0.1435546875 5.45038167939 -0.839694656489 -0.595419847328
1757708 0.073974609375 0.999755859375 0.153564453125 5.45038167939 -0.778625954198 -0.458015267176
1758712 0.0751953125 1.0029296875 0.155517578125 5.34351145038 -0.687022900763 -0.519083969466
1759724 0.072998046875 1.00415039062 0.151611328125 5.32824427481 -0.763358778626 -0.641221374046
1760728 0.071044921875 1.0009765625 0.147705078125 5.29770992366 -0.809160305344 -0.534351145038
1761736 0.073974609375 1.00073242188 0.15185546875 5.35877862595 -0.870229007634 -0.30534351145
1762752 0.073486328125 1.00244140625 0.15283203125 5.31297709924 -0.870229007634 -0.198473282443
1763756 0.070556640625 1.00170898438 0.15234375 5.28244274809 -0.885496183206 -0.427480916031
1764764 0.070556640625 0.998046875 0.151123046875 5.23664122137 -0.748091603053 -0.412213740458
1765776 0.072265625 0.9990234375 0.14892578125 5.3893129771 -0.687022900763 -0.36641221374
1766780 0.07275390625 1.00048828125 0.150390625 5.72519083969 -0.717557251908 -0.335877862595
1767784 0.0732421875 0.998779296875 0.14501953125 5.74045801527 -0.900763358779 -0.229007633588
1768796 0.073974609375 1.00219726562 0.14990234375 5.80152671756 -0.961832061069 -0.198473282443
1769804 0.0712890625 1.00634765625 0.152587890625 5.74045801527 -0.824427480916 -0.274809160305
1770808 0.068115234375 1.00268554688 0.15087890625 5.54198473282 -0.702290076336 -0.396946564885
1771812 0.06787109375 1.00048828125 0.150634765625 5.32824427481 -0.748091603053 -0.381679389313
1772820 0.06689453125 0.999267578125 0.149169921875 5.40458015267 -0.824427480916 -0.427480916031
1773832 0.06982421875 0.998779296875 0.14892578125 5.46564885496 -0.687022900763 -0.427480916031
1774840 0.073486328125 1.00146484375 0.144287109375 5.35877862595 -0.595419847328 -0.412213740458
1775848 0.073974609375 1.00219726562 0.148193359375 5.40458015267 -0.625954198473 -0.503816793893
1776860 0.072021484375 1.00366210938 0.155517578125 5.37404580153 -0.778625954198 -0.641221374046
1777868 0.06982421875 0.999267578125 0.15087890625 5.37404580153 -0.900763358779 -0.488549618321
1778872 0.072998046875 0.999267578125 0.149169921875 5.45038167939 -0.885496183206 -0.320610687023
1779884 0.073974609375 1.005859375 0.1513671875 5.52671755725 -0.900763358779 -0.473282442748
1780892 0.0703125 1.00512695312 0.145263671875 5.48091603053 -0.717557251908 -0.595419847328
1781896 0.06884765625 1.00122070312 0.142578125 5.61832061069 -0.625954198473 -0.458015267176
1782908 0.069580078125 1.00170898438 0.146240234375 5.64885496183 -0.702290076336 -0.427480916031
1783912 0.067138671875 1.00463867188 0.149658203125 5.49618320611 -0.778625954198 -0.473282442748
1784916 0.0673828125 1.00463867188 0.148193359375 5.31297709924 -0.717557251908 -0.442748091603
1785932 0.072998046875 1.00415039062 0.149169921875 5.32824427481 -0.809160305344 -0.427480916031
1786936 0.074951171875 1.00341796875 0.1513671875 5.34351145038 -0.625954198473 -0.641221374046
1787944 0.07470703125 0.99853515625 0.14697265625 5.37404580153 -0.671755725191 -0.717557251908
1788960 0.073486328125 1.0 0.14404296875 5.54198473282 -0.885496183206 -0.519083969466
1789964 0.072998046875 1.0 0.142822265625 5.48091603053 -0.870229007634 -0.687022900763
1790968 0.074462890625 0.997314453125 0.147216796875 5.19083969466 -0.885496183206 -0.656488549618
1791976 0.071533203125 0.999755859375 0.149658203125 5.19083969466 -0.717557251908 -0.503816793893
1792992 0.068359375 1.0009765625 0.146240234375 5.26717557252 -0.641221374046 -0.503816793893
1793996 0.06884765625 1.00244140625 0.14794921875 5.46564885496 -0.687022900763 -0.427480916031
1795004 0.072021484375 1.00219726562 0.150634765625 5.60305343511 -0.900763358779 -0.580152671756
1796020 0.07373046875 1.00122070312 0.15478515625 5.48091603053 -0.809160305344 -0.595419847328
1797024 0.072021484375 1.00146484375 0.15576171875 5.51145038168 -0.793893129771 -0.656488549618
1798032 0.071044921875 0.99951171875 0.155029296875 5.80152671756 -0.900763358779 -0.595419847328
1799048 0.072998046875 0.999755859375 0.149658203125 5.64885496183 -0.854961832061 -0.381679389313
1800052 0.071533203125 1.00317382812 0.148193359375 5.5572519084 -0.717557251908 -0.396946564885
1801060 0.06884765625 0.998779296875 0.15380859375 5.28244274809 -0.625954198473 -0.580152671756
1802076 0.06787109375 0.996826171875 0.154541015625 5.35877862595 -0.610687022901 -0.458015267176
1803080 0.0654296875 1.00073242188 0.159423828125 5.26717557252 -0.809160305344 -0.396946564885
1804084 0.06884765625 1.001953125 0.153076171875 5.25190839695 -0.732824427481 -0.229007633588
1805096 0.070556640625 1.00024414062 0.144287109375 5.40458015267 -0.717557251908 -0.442748091603
1806104 0.071533203125 1.00073242188 0.1474609375 5.46564885496 -0.671755725191 -0.549618320611
1807108 0.072265625 1.00170898438 0.1474609375 5.51145038168 -0.610687022901 -0.564885496183
1808120 0.07080078125 1.00268554688 0.150390625 5.57251908397 -0.687022900763 -0.595419847328
1809128 0.071533203125 1.00439453125 0.14990234375 5.35877862595 -0.763358778626 -0.442748091603
1810132 0.0712890625 1.00146484375 0.146240234375 5.35877862595 -0.961832061069 -0.320610687023
1811136 0.0703125 1.00122070312 0.150634765625 5.34351145038 -1.03816793893 -0.259541984733
1812140 0.07080078125 0.999755859375 0.149658203125 5.48091603053 -0.916030534351 -0.24427480916
1813144 0.07275390625 0.9990234375 0.14599609375 5.57251908397 -0.656488549618 -0.36641221374
1814152 0.072998046875 1.001953125 0.143310546875 5.48091603053 -0.641221374046 -0.427480916031
1815164 0.07177734375 1.00268554688 0.145263671875 5.48091603053 -0.809160305344 -0.442748091603
1816172 0.06982421875 1.00317382812 0.145751953125 5.34351145038 -0.839694656489 -0.259541984733
1817176 0.070068359375 1.00390625 0.14599609375 5.52671755725 -0.946564885496 -0.0610687022901
1818180 0.07275390625 1.00390625 0.146240234375 5.60305343511 -0.885496183206 -0.30534351145
1819188 0.072021484375 1.00415039062 0.1484375 5.57251908397 -0.900763358779 -0.625954198473
1820200 0.0732421875 1.00244140625 0.149658203125 5.51145038168 -1.00763358779 -0.580152671756
1821204 0.072998046875 1.00024414062 0.14453125 5.45038167939 -0.916030534351 -0.503816793893
1822216 0.071044921875 1.00268554688 0.14111328125 5.34351145038 -0.717557251908 -0.427480916031
1823220 0.073974609375 0.999755859375 0.14892578125 5.41984732824 -0.702290076336 -0.427480916031
1824228 0.075439453125 1.00048828125 0.150390625 5.48091603053 -0.641221374046 -0.381679389313
1825236 0.07080078125 1.0029296875 0.1533203125 5.51145038168 -0.748091603053 -0.442748091603
1826244 0.0673828125 1.00341796875 0.151123046875 5.46564885496 -0.656488549618 -0.36641221374
1827248 0.069580078125 1.00317382812 0.148681640625 5.3893129771 -0.748091603053 -0.427480916031
1828260 0.07177734375 1.00415039062 0.154052734375 5.31297709924 -0.885496183206 -0.412213740458
1829268 0.071044921875 1.00170898438 0.150146484375 5.48091603053 -0.824427480916 -0.427480916031
1830272 0.0693359375 1.00122070312 0.145263671875 5.43511450382 -0.763358778626 -0.549618320611
1831284 0.069091796875 1.00219726562 0.148193359375 5.45038167939 -0.824427480916 -0.564885496183
1832292 0.071044921875 1.00219726562 0.15283203125 5.3893129771 -1.03816793893 -0.351145038168
1833296 0.06982421875 1.00390625 0.1552734375 5.26717557252 -1.03816793893 -0.458015267176
1834308 0.068359375 1.00341796875 0.154052734375 5.32824427481 -0.900763358779 -0.580152671756
1835316 0.0732421875 1.001953125 0.15185546875 5.58778625954 -0.931297709924 -0.641221374046
1836320 0.071533203125 1.0029296875 0.150146484375 5.51145038168 -0.870229007634 -0.625954198473
1837328 0.071533203125 1.0029296875 0.14990234375 5.34351145038 -0.946564885496 -0.656488549618
1838336 0.07421875 1.00122070312 0.15087890625 5.43511450382 -0.839694656489 -0.702290076336
1839348 0.0703125 0.99951171875 0.14794921875 5.67938931298 -0.702290076336 -0.671755725191
1840356 0.071044921875 1.00024414062 0.145263671875 5.72519083969 -0.717557251908 -0.290076335878
1841360 0.074462890625 1.00390625 0.14892578125 5.52671755725 -0.595419847328 -0.381679389313
1842372 0.07275390625 1.00170898438 0.153076171875 5.3893129771 -0.732824427481 -0.381679389313
1843376 0.06884765625 1.00122070312 0.15380859375 5.41984732824 -1.02290076336 -0.488549618321
1844384 0.07080078125 1.00268554688 0.14794921875 5.51145038168 -0.946564885496 -0.625954198473
1845400 0.07080078125 1.00024414062 0.144775390625 5.49618320611 -0.763358778626 -0.396946564885
1846404 0.0693359375 1.00073242188 0.150390625 5.48091603053 -0.717557251908 -0.442748091603
1847408 0.07177734375 1.00048828125 0.155029296875 5.3893129771 -0.839694656489 -0.351145038168
1848424 0.07177734375 1.00122070312 0.153076171875 5.63358778626 -0.824427480916 -0.290076335878
1849428 0.072265625 1.00341796875 0.14892578125 5.46564885496 -0.732824427481 -0.503816793893
1850432 0.072998046875 1.00122070312 0.149169921875 5.41984732824 -0.900763358779 -0.503816793893
1851448 0.07080078125 0.999755859375 0.1474609375 5.61832061069 -0.839694656489 -0.473282442748
1852452 0.071533203125 1.00024414062 0.14794921875 5.78625954198 -0.824427480916 -0.458015267176
1853460 0.0732421875 1.001953125 0.151611328125 5.64885496183 -0.610687022901 -0.488549618321
1854472 0.06982421875 1.0029296875 0.14794921875 5.46564885496 -0.732824427481 -0.549618320611
1855480 0.069091796875 1.00122070312 0.1513671875 5.46564885496 -0.763358778626 -0.610687022901
1856488 0.071533203125 1.0 0.15625 5.63358778626 -0.931297709924 -0.442748091603
1857504 0.07470703125 1.00048828125 0.1552734375 5.48091603053 -0.946564885496 -0.549618320611
1858508 0.072998046875 1.00170898438 0.151123046875 5.29770992366 -0.549618320611 -0.519083969466
1859512 0.0693359375 1.0 0.15185546875 5.3893129771 -0.229007633588 -0.641221374046
1860516 0.06884765625 1.00024414062 0.154541015625 5.48091603053 -0.580152671756 -0.748091603053
1861520 0.070068359375 1.00341796875 0.152587890625 5.67938931298 -0.946564885496 -0.687022900763
1862532 0.0703125 1.00317382812 0.1533203125 5.64885496183 -0.687022900763 -0.671755725191
1863548 0.067626953125 1.00317382812 0.151123046875 5.43511450382 -0.702290076336 -0.610687022901
1864552 0.069091796875 1.00366210938 0.1513671875 5.51145038168 -0.824427480916 -0.427480916031
1865556 0.072509765625 1.00073242188 0.15087890625 5.34351145038 -0.717557251908 -0.290076335878
1866568 0.07373046875 1.00048828125 0.1435546875 5.26717557252 -0.702290076336 -0.274809160305
1867572 0.072509765625 1.0029296875 0.14306640625 5.37404580153 -0.702290076336 -0.381679389313
1868576 0.07275390625 1.00146484375 0.15283203125 5.5572519084 -0.549618320611 -0.488549618321
1869592 0.072265625 0.99658203125 0.15771484375 5.40458015267 -0.595419847328 -0.458015267176
1870596 0.069580078125 0.995849609375 0.149658203125 5.28244274809 -0.793893129771 -0.351145038168
1871604 0.0693359375 1.00048828125 0.146240234375 5.40458015267 -0.671755725191 -0.229007633588
1872616 0.06982421875 1.00244140625 0.148193359375 5.5572519084 -0.732824427481 -0.412213740458
1873620 0.069580078125 1.00146484375 0.1474609375 5.70992366412 -0.916030534351 -0.671755725191
1874628 0.069091796875 1.00170898438 0.14501953125 5.74045801527 -0.656488549618 -0.580152671756
1875632 0.067626953125 1.00024414062 0.147705078125 5.46564885496 -0.595419847328 -0.687022900763
1876640 0.06884765625 0.998291015625 0.1513671875 5.49618320611 -0.732824427481 -0.595419847328
1877648 0.071533203125 0.99755859375 0.147216796875 5.51145038168 -0.748091603053 -0.458015267176
1878656 0.069091796875 0.997802734375 0.148193359375 5.52671755725 -0.656488549618 -0.442748091603
1879668 0.067138671875 1.0 0.1513671875 5.52671755725 -0.732824427481 -0.381679389313
1880676 0.071044921875 1.00170898438 0.155029296875 5.54198473282 -0.885496183206 -0.381679389313
1881684 0.073486328125 1.00317382812 0.15478515625 5.49618320611 -0.870229007634 -0.503816793893
1882700 0.070556640625 1.00463867188 0.153564453125 5.32824427481 -0.824427480916 -0.549618320611
1883704 0.06787109375 1.00537109375 0.14990234375 5.51145038168 -0.763358778626 -0.458015267176
1884712 0.06884765625 1.0029296875 0.14501953125 5.48091603053 -0.320610687023 -0.351145038168
1885724 0.07275390625 1.0 0.143310546875 5.31297709924 -0.625954198473 -0.320610687023
1886728 0.072998046875 0.999267578125 0.147705078125 5.48091603053 -1.09923664122 -0.458015267176
1887736 0.069091796875 0.997314453125 0.1513671875 5.60305343511 -1.06870229008 -0.396946564885
1888748 0.06787109375 0.999267578125 0.150634765625 5.48091603053 -0.870229007634 -0.381679389313
1889752 0.072021484375 1.00219726562 0.1474609375 5.43511450382 -0.656488549618 -0.458015267176
1890756 0.072998046875 1.00170898438 0.145263671875 5.41984732824 -0.717557251908 -0.488549618321
1891772 0.0703125 1.00244140625 0.14794921875 5.60305343511 -0.824427480916 -0.473282442748
1892776 0.072021484375 1.0009765625 0.149169921875 5.52671755725 -0.748091603053 -0.488549618321
1893780 0.06982421875 1.00317382812 0.148193359375 5.17557251908 -0.702290076336 -0.503816793893
1894796 0.06640625 1.00463867188 0.145751953125 5.43511450382 -0.748091603053 -0.396946564885
1895800 0.069580078125 1.001953125 0.150146484375 5.45038167939 -0.793893129771 -0.381679389313
1896808 0.073974609375 1.00390625 0.1533203125 5.29770992366 -0.870229007634 -0.503816793893
1897820 0.075927734375 1.00463867188 0.14892578125 5.26717557252 -0.900763358779 -0.488549618321
1898828 0.072021484375 1.00048828125 0.149658203125 5.35877862595 -0.763358778626 -0.427480916031
1899832 0.070556640625 0.99853515625 0.1513671875 5.43511450382 -0.458015267176 -0.412213740458
1900836 0.072021484375 1.00122070312 0.146484375 5.46564885496 -0.595419847328 -0.549618320611
1901840 0.071533203125 1.001953125 0.139892578125 5.29770992366 -0.748091603053 -0.549618320611
1902856 0.074462890625 0.999267578125 0.142578125 5.31297709924 -0.778625954198 -0.488549618321
1903864 0.073974609375 0.9990234375 0.154052734375 5.43511450382 -0.763358778626 -0.351145038168
1904872 0.07080078125 0.99853515625 0.15380859375 5.51145038168 -0.778625954198 -0.458015267176
1905884 0.072509765625 0.996826171875 0.15087890625 5.52671755725 -0.809160305344 -0.458015267176
1906892 0.07568359375 1.00048828125 0.1494140625 5.26717557252 -0.656488549618 -0.396946564885
1907896 0.07275390625 1.00366210938 0.14990234375 5.2213740458 -0.778625954198 -0.335877862595
1908908 0.06884765625 1.0 0.153076171875 5.35877862595 -0.809160305344 -0.412213740458
1909916 0.069091796875 1.0 0.147216796875 5.48091603053 -0.580152671756 -0.519083969466
1910920 0.072265625 1.00366210938 0.14990234375 5.45038167939 -0.656488549618 -0.427480916031
1911932 0.073974609375 1.00390625 0.154052734375 5.31297709924 -0.763358778626 -0.458015267176
1912940 0.07177734375 1.00244140625 0.154052734375 5.35877862595 -0.946564885496 -0.534351145038
1913944 0.073486328125 1.00219726562 0.156982421875 5.40458015267 -0.763358778626 -0.488549618321
1914956 0.073486328125 1.00219726562 0.16064453125 5.34351145038 -0.580152671756 -0.580152671756
1915960 0.0712890625 1.00048828125 0.15966796875 5.46564885496 -0.793893129771 -0.427480916031
1916968 0.072509765625 1.0009765625 0.156494140625 5.37404580153 -0.763358778626 -0.30534351145
1917984 0.0732421875 1.0009765625 0.1474609375 5.32824427481 -0.900763358779 -0.24427480916
1918988 0.0732421875 0.99951171875 0.142822265625 5.3893129771 -0.916030534351 -0.351145038168
1919992 0.0712890625 0.999755859375 0.147216796875 5.3893129771 -0.748091603053 -0.549618320611
1921000 0.069091796875 1.00122070312 0.146728515625 5.57251908397 -0.809160305344 -0.748091603053
1922016 0.068603515625 1.00512695312 0.15478515625 5.48091603053 -0.763358778626 -0.580152671756
1923020 0.068603515625 1.0029296875 0.14794921875 5.23664122137 -0.732824427481 -0.412213740458
1924024 0.06982421875 1.00244140625 0.147216796875 5.43511450382 -0.625954198473 -0.36641221374
1925028 0.072265625 1.00415039062 0.147216796875 5.60305343511 -0.824427480916 -0.381679389313
1926032 0.072509765625 1.00122070312 0.146484375 5.57251908397 -0.839694656489 -0.488549618321
1927044 0.06982421875 1.00268554688 0.150146484375 5.51145038168 -0.778625954198 -0.503816793893
1928048 0.071533203125 1.00610351562 0.153076171875 5.41984732824 -0.931297709924 -0.458015267176
1929056 0.0732421875 1.0 0.15087890625 5.3893129771 -1.06870229008 -0.36641221374
1930064 0.067626953125 0.994873046875 0.1484375 5.46564885496 -0.870229007634 -0.488549618321
1931072 0.0712890625 0.997802734375 0.154052734375 5.52671755725 -0.885496183206 -0.580152671756
1932076 0.07275390625 1.00073242188 0.14794921875 5.49618320611 -0.946564885496 -0.458015267176
1933088 0.06982421875 1.00048828125 0.142822265625 5.28244274809 -0.732824427481 -0.320610687023
1934096 0.071533203125 0.998046875 0.152587890625 5.25190839695 -0.687022900763 -0.442748091603
1935104 0.07080078125 0.99853515625 0.153564453125 5.37404580153 -0.793893129771 -0.564885496183
1936112 0.065673828125 1.00048828125 0.151123046875 5.49618320611 -0.641221374046 -0.473282442748
1937120 0.064208984375 1.00122070312 0.15625 5.45038167939 -0.519083969466 -0.30534351145
1938124 0.0693359375 1.00122070312 0.15380859375 5.40458015267 -0.671755725191 -0.152671755725
1939128 0.06884765625 1.00048828125 0.146484375 5.35877862595 -0.839694656489 -0.320610687023
1940132 0.06787109375 1.00024414062 0.15087890625 5.45038167939 -0.656488549618 -0.488549618321
1941140 0.070556640625 1.00024414062 0.152587890625 5.3893129771 -0.687022900763 -0.519083969466
1942144 0.069091796875 1.00317382812 0.1513671875 5.29770992366 -0.854961832061 -0.656488549618
1943156 0.06884765625 1.00341796875 0.150390625 5.37404580153 -0.870229007634 -0.778625954198
1944160 0.072509765625 1.00170898438 0.1494140625 5.57251908397 -0.854961832061 -0.610687022901
1945172 0.07275390625 1.0 0.154541015625 5.67938931298 -0.793893129771 -0.595419847328
1946180 0.07177734375 0.999755859375 0.15576171875 5.60305343511 -0.732824427481 -0.534351145038
1947184 0.071044921875 1.00268554688 0.1533203125 5.23664122137 -0.824427480916 -0.473282442748
1948200 0.071044921875 1.00366210938 0.1513671875 5.25190839695 -0.793893129771 -0.625954198473
1949204 0.072265625 1.00146484375 0.145751953125 5.52671755725 -0.809160305344 -0.641221374046
1950208 0.072021484375 1.0 0.144775390625 5.57251908397 -0.656488549618 -0.36641221374
1951212 0.072265625 1.00024414062 0.151611328125 5.43511450382 -0.702290076336 -0.458015267176
1952220 0.074462890625 1.00122070312 0.152587890625 5.34351145038 -0.793893129771 -0.396946564885
1953232 0.074951171875 1.00024414062 0.14794921875 5.49618320611 -0.656488549618 -0.564885496183
1954240 0.072998046875 0.9990234375 0.14892578125 5.6641221374 -0.793893129771 -0.595419847328
1955244 0.072509765625 1.00073242188 0.156494140625 5.49618320611 -0.885496183206 -0.610687022901
1956256 0.07421875 0.99951171875 0.16259765625 5.2213740458 -0.885496183206 -0.519083969466
1957264 0.070068359375 0.999755859375 0.160400390625 5.37404580153 -0.870229007634 -0.549618320611
1958268 0.0673828125 1.001953125 0.15673828125 5.43511450382 -0.748091603053 -0.671755725191
1959280 0.069580078125 1.00219726562 0.15478515625 5.40458015267 -0.549618320611 -0.748091603053
1960284 0.06689453125 1.001953125 0.154296875 5.23664122137 -0.625954198473 -0.687022900763
1961292 0.065673828125 1.00146484375 0.150390625 5.28244274809 -0.778625954198 -0.503816793893
1962304 0.06982421875 1.00170898438 0.142333984375 5.45038167939 -1.06870229008 -0.427480916031
1963312 0.072265625 1.00073242188 0.139892578125 5.60305343511 -0.839694656489 -0.351145038168
1964316 0.06982421875 1.00048828125 0.142578125 5.51145038168 -0.595419847328 -0.351145038168
1965324 0.071044921875 1.00170898438 0.145263671875 5.3893129771 -0.534351145038 -0.381679389313
1966328 0.072021484375 0.99951171875 0.1513671875 5.45038167939 -0.916030534351 -0.412213740458
1967336 0.06982421875 0.998046875 0.155517578125 5.3893129771 -0.854961832061 -0.610687022901
1968340 0.06884765625 0.999755859375 0.150146484375 5.43511450382 -0.671755725191 -0.595419847328
1969348 0.068115234375 0.99853515625 0.145751953125 5.40458015267 -0.870229007634 -0.549618320611
1970364 0.06884765625 1.00122070312 0.14794921875 5.40458015267 -0.854961832061 -0.473282442748
1971368 0.0712890625 1.00439453125 0.1552734375 5.35877862595 -0.793893129771 -0.427480916031
1972376 0.074951171875 1.00317382812 0.157958984375 5.49618320611 -0.748091603053 -0.381679389313
1973384 0.07470703125 1.00073242188 0.146484375 5.49618320611 -0.763358778626 -0.473282442748
1974396 0.07177734375 0.99755859375 0.141845703125 5.48091603053 -0.763358778626 -0.36641221374
1975404 0.071533203125 0.99609375 0.14794921875 5.31297709924 -0.656488549618 -0.519083969466
1976412 0.072265625 0.998291015625 0.147216796875 5.19083969466 -0.763358778626 -0.549618320611
1977416 0.06982421875 1.00268554688 0.142333984375 5.49618320611 -0.854961832061 -0.671755725191
1978428 0.0673828125 1.00366210938 0.138916015625 5.57251908397 -0.732824427481 -0.656488549618
1979432 0.0693359375 1.0029296875 0.14404296875 5.58778625954 -0.534351145038 -0.458015267176
1980440 0.068359375 1.0009765625 0.149169921875 5.49618320611 -0.473282442748 -0.412213740458
1981460 0.06689453125 1.00024414062 0.147705078125 5.29770992366 -0.839694656489 -0.351145038168
1982476 0.066650390625 0.999267578125 0.14892578125 5.3893129771 -0.961832061069 -0.396946564885
1983480 0.069580078125 0.996826171875 0.14697265625 5.41984732824 -0.839694656489 -0.320610687023
1984488 0.0712890625 0.997802734375 0.146484375 5.31297709924 -0.931297709924 -0.24427480916
1985504 0.0693359375 0.998046875 0.1494140625 5.41984732824 -1.00763358779 -0.396946564885
1986508 0.0712890625 1.0 0.14892578125 5.57251908397 -0.854961832061 -0.503816793893
1987512 0.07275390625 1.00268554688 0.14990234375 5.49618320611 -0.885496183206 -0.412213740458
1988516 0.0693359375 1.00244140625 0.151123046875 5.52671755725 -0.702290076336 -0.30534351145
1989520 0.068115234375 1.00341796875 0.152587890625 5.40458015267 -0.748091603053 -0.396946564885
1990532 0.071044921875 1.00268554688 0.15673828125 5.5572519084 -0.809160305344 -0.534351145038
1991548 0.0732421875 1.00170898438 0.159423828125 5.61832061069 -0.687022900763 -0.625954198473
1992552 0.0712890625 1.00415039062 0.154052734375 5.67938931298 -0.717557251908 -0.519083969466
1993556 0.06982421875 1.00244140625 0.1494140625 5.57251908397 -0.564885496183 -0.488549618321
1994568 0.071044921875 1.00024414062 0.149658203125 5.41984732824 -0.549618320611 -0.351145038168
1995576 0.070556640625 1.00170898438 0.14599609375 5.52671755725 -0.793893129771 -0.549618320611
1996580 0.069091796875 1.00146484375 0.147216796875 5.60305343511 -0.763358778626 -0.519083969466
1997588 0.0703125 1.00073242188 0.15185546875 5.52671755725 -0.809160305344 -0.36641221374
1998592 0.071044921875 0.9990234375 0.14794921875 5.5572519084 -0.702290076336 -0.412213740458
1999604 0.068603515625 0.998779296875 0.150634765625 5.63358778626 -0.595419847328 -0.320610687023
2000612 0.0693359375 0.999755859375 0.151123046875 5.57251908397 -0.732824427481 -0.473282442748
2001616 0.070068359375 1.00146484375 0.1455078125 5.57251908397 -0.824427480916 -0.595419847328
2002620 0.069091796875 1.00366210938 0.151611328125 5.3893129771 -0.854961832061 -0.519083969466
2003624 0.072021484375 1.00415039062 0.15380859375 5.49618320611 -0.687022900763 -0.580152671756
2004628 0.072265625 1.00439453125 0.145751953125 5.46564885496 -0.763358778626 -0.625954198473
2005636 0.06982421875 1.00366210938 0.150390625 5.37404580153 -0.809160305344 -0.473282442748
2006648 0.06982421875 0.99951171875 0.15625 5.60305343511 -0.748091603053 -0.320610687023
2007656 0.069580078125 0.998291015625 0.152587890625 5.61832061069 -0.748091603053 -0.381679389313
2008664 0.070556640625 1.00122070312 0.155029296875 5.41984732824 -0.824427480916 -0.427480916031
2009680 0.07177734375 1.0009765625 0.15234375 5.26717557252 -0.748091603053 -0.503816793893
2010684 0.070556640625 0.999755859375 0.150390625 5.32824427481 -0.519083969466 -0.229007633588
2011692 0.068115234375 0.997802734375 0.15478515625 5.32824427481 -0.503816793893 -0.351145038168
2012704 0.06884765625 0.997314453125 0.154541015625 5.34351145038 -0.717557251908 -0.595419847328
2013708 0.0673828125 1.0 0.149169921875 5.19083969466 -0.824427480916 -0.702290076336
2014716 0.0673828125 1.00048828125 0.149169921875 5.14503816794 -0.625954198473 -0.717557251908
2015728 0.06982421875 0.998779296875 0.14990234375 5.31297709924 -0.717557251908 -0.534351145038
2016732 0.0703125 0.99951171875 0.14794921875 5.54198473282 -0.717557251908 -0.625954198473
2017740 0.07421875 1.001953125 0.15234375 5.58778625954 -0.809160305344 -0.702290076336
2018756 0.073974609375 1.00244140625 0.150146484375 5.34351145038 -0.778625954198 -0.580152671756
2019760 0.06982421875 1.00170898438 0.1455078125 5.14503816794 -0.671755725191 -0.488549618321
2020764 0.06982421875 0.9970703125 0.14599609375 5.35877862595 -0.839694656489 -0.503816793893
2021780 0.07275390625 0.995361328125 0.1455078125 5.60305343511 -0.931297709924 -0.488549618321
2022788 0.073974609375 0.998046875 0.14208984375 5.61832061069 -0.809160305344 -0.595419847328
2023792 0.073486328125 0.997314453125 0.1455078125 5.45038167939 -0.564885496183 -0.549618320611
2024796 0.074462890625 1.00024414062 0.1533203125 5.40458015267 -0.549618320611 -0.320610687023
2025804 0.07275390625 1.00073242188 0.1552734375 5.32824427481 -0.534351145038 -0.427480916031
2026816 0.072265625 0.99951171875 0.154052734375 5.40458015267 -0.473282442748 -0.549618320611
2027824 0.069091796875 1.00244140625 0.146484375 5.46564885496 -0.824427480916 -0.534351145038
2028828 0.072021484375 1.00463867188 0.147705078125 5.58778625954 -0.870229007634 -0.595419847328
2029836 0.072509765625 1.00390625 0.1533203125 5.74045801527 -0.809160305344 -0.534351145038
2030844 0.072021484375 1.00366210938 0.153076171875 5.51145038168 -0.748091603053 -0.427480916031
2031848 0.075927734375 1.00317382812 0.15234375 5.3893129771 -0.824427480916 -0.396946564885
2032852 0.074951171875 1.0009765625 0.149658203125 5.54198473282 -0.961832061069 -0.488549618321
2033860 0.07177734375 1.00073242188 0.1494140625 5.61832061069 -0.885496183206 -0.519083969466
2034876 0.07177734375 1.0029296875 0.15478515625 5.5572519084 -0.900763358779 -0.641221374046
2035880 0.0712890625 1.0029296875 0.15576171875 5.54198473282 -0.793893129771 -0.641221374046
2036884 0.072021484375 1.001953125 0.156494140625 5.46564885496 -0.519083969466 -0.412213740458
2037900 0.073486328125 1.0009765625 0.152587890625 5.46564885496 -0.519083969466 -0.351145038168
2038904 0.072265625 1.00024414062 0.155029296875 5.37404580153 -0.824427480916 -0.503816793893
2039912 0.0712890625 1.00170898438 0.15478515625 5.48091603053 -0.931297709924 -0.488549618321
2040920 0.069580078125 1.00439453125 0.1484375 5.41984732824 -0.717557251908 -0.427480916031
2041932 0.06884765625 1.00341796875 0.149169921875 5.49618320611 -0.641221374046 -0.320610687023
2042936 0.0703125 1.00390625 0.15283203125 5.58778625954 -0.793893129771 -0.473282442748
2043940 0.071533203125 1.00366210938 0.155517578125 5.35877862595 -0.885496183206 -0.519083969466
2044952 0.071044921875 1.00073242188 0.150634765625 5.20610687023 -0.641221374046 -0.36641221374
2045964 0.070556640625 1.00122070312 0.146728515625 5.26717557252 -0.854961832061 -0.351145038168
2046968 0.07080078125 0.99951171875 0.15185546875 5.48091603053 -0.961832061069 -0.503816793893
2047976 0.068603515625 1.00024414062 0.152587890625 5.45038167939 -0.839694656489 -0.564885496183
2048992 0.07080078125 1.00341796875 0.14892578125 5.29770992366 -0.671755725191 -0.442748091603
2049996 0.072021484375 1.00170898438 0.147705078125 5.35877862595 -0.580152671756 -0.198473282443
2051000 0.070068359375 0.999267578125 0.152099609375 5.32824427481 -0.916030534351 -0.488549618321
2052004 0.0693359375 1.0009765625 0.15576171875 5.45038167939 -0.946564885496 -0.412213740458
2053012 0.067138671875 1.00268554688 0.15185546875 5.34351145038 -0.809160305344 -0.427480916031
2054020 0.070068359375 1.0 0.145263671875 5.40458015267 -0.809160305344 -0.442748091603
2055024 0.072265625 0.998291015625 0.14208984375 5.29770992366 -0.931297709924 -0.412213740458
2056032 0.07080078125 1.00048828125 0.1484375 5.41984732824 -0.870229007634 -0.36641221374
2057044 0.07080078125 1.00268554688 0.15185546875 5.49618320611 -0.854961832061 -0.519083969466
2058060 0.06884765625 1.001953125 0.154052734375 5.51145038168 -0.885496183206 -0.503816793893
2059064 0.0703125 1.00073242188 0.150390625 5.3893129771 -0.839694656489 -0.488549618321
2060072 0.07373046875 1.00073242188 0.14892578125 5.25190839695 -0.900763358779 -0.396946564885
2061076 0.070068359375 1.0 0.15283203125 5.25190839695 -0.702290076336 -0.503816793893
2062080 0.068603515625 0.999755859375 0.152099609375 5.40458015267 -0.473282442748 -0.580152671756
2063092 0.0703125 1.00024414062 0.15087890625 5.51145038168 -0.412213740458 -0.595419847328
2064100 0.07177734375 0.999755859375 0.1494140625 5.54198473282 -0.641221374046 -0.381679389313
2065104 0.075439453125 1.00122070312 0.1572265625 5.32824427481 -0.687022900763 -0.442748091603
2066108 0.075439453125 1.00341796875 0.151123046875 5.20610687023 -0.610687022901 -0.519083969466
2067112 0.071533203125 1.00561523438 0.14208984375 5.25190839695 -0.717557251908 -0.519083969466
2068116 0.06982421875 1.00659179688 0.145751953125 5.43511450382 -0.793893129771 -0.595419847328
2069124 0.069580078125 1.00366210938 0.146240234375 5.46564885496 -0.702290076336 -0.702290076336
2070136 0.068359375 1.001953125 0.150634765625 5.31297709924 -0.778625954198 -0.458015267176
2071144 0.069580078125 1.00122070312 0.151611328125 5.26717557252 -0.717557251908 -0.381679389313
2072152 0.072265625 1.00073242188 0.152099609375 5.29770992366 -0.595419847328 -0.259541984733
2073168 0.07177734375 1.00463867188 0.152587890625 5.35877862595 -0.778625954198 -0.396946564885
2074172 0.0703125 1.005859375 0.14990234375 5.23664122137 -0.839694656489 -0.549618320611
2075180 0.07275390625 1.00317382812 0.153564453125 5.46564885496 -0.610687022901 -0.580152671756
2076188 0.07373046875 1.00170898438 0.155029296875 5.52671755725 -0.458015267176 -0.30534351145
2077196 0.071044921875 1.00073242188 0.14990234375 5.52671755725 -0.778625954198 -0.473282442748
2078200 0.068603515625 1.00170898438 0.1474609375 5.51145038168 -0.793893129771 -0.564885496183
2079212 0.0693359375 1.00341796875 0.149658203125 5.37404580153 -0.778625954198 -0.549618320611
2080216 0.072021484375 1.00537109375 0.1474609375 5.45038167939 -0.870229007634 -0.427480916031
2081224 0.07080078125 1.00366210938 0.14453125 5.54198473282 -0.809160305344 -0.488549618321
2082240 0.069580078125 1.00219726562 0.148193359375 5.57251908397 -0.610687022901 -0.549618320611
2083244 0.072265625 1.00317382812 0.146484375 5.40458015267 -0.458015267176 -0.534351145038
2084252 0.07177734375 1.001953125 0.1474609375 5.52671755725 -0.671755725191 -0.534351145038
2085264 0.069580078125 1.00024414062 0.150390625 5.31297709924 -0.916030534351 -0.290076335878
2086268 0.072021484375 1.00073242188 0.146728515625 5.3893129771 -0.732824427481 -0.351145038168
2087276 0.0751953125 1.00390625 0.14892578125 5.3893129771 -0.503816793893 -0.320610687023
2088288 0.073486328125 1.00268554688 0.150390625 5.31297709924 -0.564885496183 -0.274809160305
2089296 0.072509765625 1.0 0.150634765625 5.48091603053 -0.809160305344 -0.396946564885
2090300 0.072265625 1.001953125 0.148681640625 5.75572519084 -1.00763358779 -0.427480916031
2091312 0.072265625 1.00244140625 0.148681640625 5.54198473282 -0.854961832061 -0.549618320611
2092320 0.069091796875 1.00219726562 0.149169921875 5.32824427481 -0.778625954198 -0.381679389313
2093324 0.069091796875 1.00024414062 0.1474609375 5.29770992366 -0.824427480916 -0.320610687023
2094332 0.072021484375 0.99853515625 0.15087890625 5.45038167939 -0.793893129771 -0.488549618321
2095336 0.071533203125 1.00024414062 0.1474609375 5.58778625954 -0.809160305344 -0.580152671756
2096352 0.07275390625 1.0 0.146240234375 5.51145038168 -0.610687022901 -0.396946564885
2097356 0.07470703125 0.998779296875 0.149169921875 5.37404580153 -0.656488549618 -0.259541984733
2098364 0.072265625 0.999267578125 0.14990234375 5.35877862595 -0.717557251908 -0.381679389313
2099380 0.0693359375 1.00024414062 0.15234375 5.31297709924 -0.839694656489 -0.473282442748
2100384 0.0693359375 1.00170898438 0.147705078125 5.61832061069 -0.839694656489 -0.381679389313
2101392 0.06787109375 1.0029296875 0.143310546875 5.61832061069 -0.656488549618 -0.473282442748
2102396 0.0693359375 1.00390625 0.146728515625 5.61832061069 -0.580152671756 -0.534351145038
2103408 0.068603515625 1.00122070312 0.14404296875 5.5572519084 -0.687022900763 -0.549618320611
2104412 0.06884765625 0.99951171875 0.136962890625 5.34351145038 -0.977099236641 -0.519083969466
2105420 0.0712890625 1.00146484375 0.14111328125 5.31297709924 -0.870229007634 -0.549618320611
2106436 0.07275390625 1.00122070312 0.14501953125 5.29770992366 -0.885496183206 -0.519083969466
2107440 0.07080078125 1.0029296875 0.14794921875 5.28244274809 -0.625954198473 -0.412213740458
2108448 0.067626953125 1.00170898438 0.14697265625 5.37404580153 -0.473282442748 -0.473282442748
2109456 0.070068359375 0.995849609375 0.14208984375 5.46564885496 -0.473282442748 -0.396946564885
2110476 0.070068359375 0.996826171875 0.14599609375 5.57251908397 -0.625954198473 -0.396946564885
2111496 0.0703125 1.00073242188 0.140625 5.43511450382 -0.595419847328 -0.519083969466
2112508 0.071044921875 1.00024414062 0.139404296875 5.20610687023 -0.748091603053 -0.610687022901
2113516 0.069091796875 0.999755859375 0.14501953125 5.20610687023 -0.854961832061 -0.580152671756
2114520 0.069091796875 1.0009765625 0.145751953125 5.54198473282 -0.885496183206 -0.381679389313
2115536 0.0703125 1.0 0.144775390625 5.54198473282 -0.778625954198 -0.381679389313
2116540 0.071533203125 0.997314453125 0.151611328125 5.46564885496 -0.702290076336 -0.564885496183
2117548 0.07080078125 1.0 0.15185546875 5.23664122137 -0.809160305344 -0.488549618321
2118560 0.067626953125 1.00073242188 0.147705078125 5.14503816794 -0.748091603053 -0.488549618321
2119564 0.067626953125 0.999755859375 0.14892578125 5.3893129771 -0.763358778626 -0.519083969466
2120572 0.070556640625 1.00341796875 0.14501953125 5.58778625954 -0.702290076336 -0.534351145038
2121580 0.072021484375 1.00463867188 0.1474609375 5.3893129771 -0.763358778626 -0.488549618321
2122588 0.072265625 1.00244140625 0.147216796875 5.37404580153 -0.824427480916 -0.458015267176
2123592 0.069580078125 0.999755859375 0.144287109375 5.45038167939 -0.702290076336 -0.625954198473
2124596 0.06884765625 0.998779296875 0.1494140625 5.51145038168 -0.793893129771 -0.580152671756
2125604 0.0703125 1.00268554688 0.148681640625 5.43511450382 -0.778625954198 -0.351145038168
2126608 0.07275390625 1.00463867188 0.148193359375 5.48091603053 -0.717557251908 -0.36641221374
2127620 0.0703125 1.00439453125 0.152099609375 5.40458015267 -0.656488549618 -0.503816793893
2128624 0.0703125 1.00317382812 0.151611328125 5.54198473282 -0.824427480916 -0.427480916031
2129632 0.07177734375 1.001953125 0.15283203125 5.5572519084 -0.824427480916 -0.381679389313
2130636 0.070068359375 1.00048828125 0.15673828125 5.43511450382 -0.763358778626 -0.549618320611
2131644 0.068603515625 1.001953125 0.15673828125 5.3893129771 -0.732824427481 -0.335877862595
2132652 0.07080078125 1.00219726562 0.153076171875 5.5572519084 -0.625954198473 -0.36641221374
2133660 0.07177734375 0.99755859375 0.15087890625 5.67938931298 -0.748091603053 -0.503816793893
2134668 0.072998046875 1.00024414062 0.14697265625 5.61832061069 -0.595419847328 -0.36641221374
2135672 0.07373046875 1.00317382812 0.1484375 5.49618320611 -0.625954198473 -0.473282442748
2136680 0.072021484375 0.998291015625 0.150390625 5.51145038168 -0.793893129771 -0.396946564885
2137688 0.072021484375 0.998291015625 0.147216796875 5.35877862595 -0.870229007634 -0.412213740458
2138700 0.0732421875 1.00268554688 0.150390625 5.37404580153 -0.916030534351 -0.412213740458
2139708 0.072509765625 1.0029296875 0.153564453125 5.34351145038 -0.839694656489 -0.595419847328
2140712 0.069091796875 1.00439453125 0.15087890625 5.52671755725 -0.717557251908 -0.473282442748
2141724 0.068603515625 1.00439453125 0.15087890625 5.5572519084 -0.763358778626 -0.503816793893
2142732 0.07177734375 1.00122070312 0.1513671875 5.45038167939 -0.931297709924 -0.564885496183
2143736 0.073974609375 1.00341796875 0.151611328125 5.40458015267 -0.961832061069 -0.610687022901
2144748 0.072265625 1.00317382812 0.151611328125 5.45038167939 -0.931297709924 -0.580152671756
2145752 0.072265625 1.00170898438 0.1513671875 5.35877862595 -0.610687022901 -0.580152671756
2146756 0.073486328125 1.00341796875 0.15087890625 5.40458015267 -0.519083969466 -0.625954198473
2147772 0.070068359375 1.00268554688 0.1494140625 5.37404580153 -0.610687022901 -0.458015267176
2148776 0.070556640625 1.00122070312 0.1484375 5.45038167939 -0.732824427481 -0.503816793893
