432838.2430216118 360697.13383912336
411345.45005049487 360266.35583189357
454172.6343768936 361082.1431970563
-0.009229883630996756 0.021137461432387445
1.7992757645818984 0.006548208211001044
-0.06305580701785567 0.16773907309762476
-0.2763497100453363 0.6383995287080835
0.08879087303580185 0.22211993194806384
-0.14817297575310834 0.7923470351953872
3.0928836075388926 1.6884570353959312
-0.010699601127885552 0.4326840220817843
-0.2558443284880209 0.5797958457740207
0.22921540419269298 0.5609924368196361
-0.008743607973314325 0.7101191365590962
2.5192629410597553 1.1137279050686073
0.10091151323232603 0.264289489974503
-0.15154702894572583 0.2891456508431416
0.49806260725637 1.1071339676708971
0.14794214184348306 0.7760171431742878
3.000292450261319 1.5321623052252715
0.2873864682052028 0.8545985877453347
0.014115275997819551 0.05603102510844157
1.7273702520800223 7.804134461688926
0.8787536556066683 0.9469295198101849
3.90309062219621 2.9827936226255636
-0.3459477864551856 0.7042036067024452
-0.7914276167194785 0.40278430664662285
-0.03178912016353479 0.8530815081530395
0.3103669694335394 1.517129163115488
4.522235599775626 3.546242026632131
