cwh
0.9845168981001728 1.4235271666666667 1.4911647857142856 1.5590511724137932 1.59562544 
gyz
0.8172841529051987 1.2400383773584904 1.4083177777777778 1.6228620645161291 2.315561818181818 
ljs
1.1127082225969647 1.8830650381679392 2.414232721311475 2.2765715714285717 2.615696909090909 
lmm
1.3520538051948052 2.0308079452054795 2.3458352323232323 2.441701481481482 2.8816147 
lq
1.1826349858267715 2.025012655172414 2.3970997818181816 2.4736151578947365 2.8277837999999997 
lry
0.9363195188509875 1.5408570000000001 1.695600701754386 1.8258099574468085 1.940176 
lsm
1.135185551976574 2.1510831914893616 2.236664827586207 2.375017076923077 2.8258704615384618 
lw
1.1689357268292684 2.198429876923077 2.141747285714286 2.3306531578947363 2.261947384615384 
lzp
0.8830366631016042 1.3145253870967744 1.5095981333333333 1.4920101224489795 1.5948206315789475 
syt
1.3094037370242215 1.7332809185185185 1.9205688358208954 1.9239650909090908 2.7674861333333336 
wjs
nan nan nan nan nan 
xcy
0.9493220996168583 1.6090412617449663 1.8800909411764706 1.8241529999999997 2.246357037037037 
xjj
1.0621322193784277 1.652343878787879 1.7261932631578951 1.8360929629629628 2.1002044 
xt
1.063735201438849 1.5271831372549018 1.568595470588235 1.8973262727272726 2.0167377777777777 
zwx
1.4098674133333333 2.102020083333333 2.2038173513513515 2.5411583225806447 3.2752795999999997 
zzy
0.9350962608695653 1.3295250487804877 1.5618112405063291 1.6843693061224487 1.9518118918918919 
